music/Soundtrack/Interstellar - No Time for C.aution.mp3; [-793.1099   , 184.47539  ,  -3.9518833,  19.722128 ,  11.003608 ,    9.359827 ,  12.857559 ,  12.243806 ,   9.706347 ,   6.2910657,    1.2486343,   1.8272295,   3.4664938]; [[20463.88771033, 3359.59739904,-3034.71075187, 1231.37398212,     45.28664898, -283.34021377, -832.38004329, -722.48700363,   -678.64703344,  -13.96778872,  279.31470181,  469.1244635 ,      3.1832443 ], [ 3359.59739904, 2308.53395874, -792.00257923,  155.49969703,    194.94014664,  -90.13468734, -123.77644612, -251.37212855,   -160.71136777,  -55.16687806,   59.62225155,   74.83056902,    -33.24872844], [-3034.71075187, -792.00257923,  985.8463041 , -203.1748209 ,    -84.17089502,  109.84250637,  184.85455295,  236.51862642,    165.22269362,   33.26856582,  -54.54167689,  -74.57834314,     33.1123055 ], [ 1231.37398212,  155.49969703, -203.1748209 ,  262.90786938,     11.01441048,  -21.18559972,  -87.93961565,  -80.60189442,    -47.26978968,   -3.56027968,   33.06479891,   45.12429335,      2.61674786], [   45.28664898,  194.94014664,  -84.17089502,   11.01441048,    118.46278223,   -1.04836618,  -23.49435379,  -54.26150277,    -34.40284966,  -16.47863484,    9.82440963,    9.7879125 ,     -7.11624122], [ -283.34021377,  -90.13468734,  109.84250637,  -21.18559972,     -1.04836618,   84.31097739,   67.65384027,   63.52879464,     36.7564259 ,    4.06411716,  -18.15521239,  -13.49367631,     12.28001423], [ -832.38004329, -123.77644612,  184.85455295,  -87.93961565,    -23.49435379,   67.65384027,  155.57823754,  131.85449084,     80.82591539,   13.30862516,  -36.15259955,  -40.29662048,     12.66903987], [ -722.48700363, -251.37212855,  236.51862642,  -80.60189442,    -54.26150277,   63.52879464,  131.85449084,  193.65129018,    121.02143966,   30.84665288,  -37.23778075,  -44.09967258,     14.5864491 ], [ -678.64703344, -160.71136777,  165.22269362,  -47.26978968,    -34.40284966,   36.7564259 ,   80.82591539,  121.02143966,    130.43651581,   45.66877157,  -23.00075213,  -42.29038182,      2.66730761], [  -13.96778872,  -55.16687806,   33.26856582,   -3.56027968,    -16.47863484,    4.06411716,   13.30862516,   30.84665288,     45.66877157,   65.83853674,   13.5641696 ,  -16.07845325,     -2.75622263], [  279.31470181,   59.62225155,  -54.54167689,   33.06479891,      9.82440963,  -18.15521239,  -36.15259955,  -37.23778075,    -23.00075213,   13.5641696 ,   58.29617912,   35.13803954,     -7.05094946], [  469.1244635 ,   74.83056902,  -74.57834314,   45.12429335,      9.7879125 ,  -13.49367631,  -40.29662048,  -44.09967258,    -42.29038182,  -16.07845325,   35.13803954,   71.18200013,     19.54612889], [    3.1832443 ,  -33.24872844,   33.1123055 ,    2.61674786,     -7.11624122,   12.28001423,   12.66903987,   14.5864491 ,      2.66730761,   -2.75622263,   -7.05094946,   19.54612889,     48.44434296]]
music/Soundtrack/Game Of Thrones - Main Titles.mp3; [-630.1843   , 187.18492  ,  -9.150328 ,  34.57612  ,  11.122486 ,    4.354409 ,  -1.8273039,   8.681352 ,   4.2023206,   5.8035703,   -1.5223556,   4.00085  ,   5.9744344]; [[16744.13839157, 3572.41665606,-2037.02279687,  144.27091889,   -406.12764556, -100.04320699,  -30.63851228,  304.91629766,     52.23054028,   50.82922378, -339.5764901 , -224.05954143,   -185.17109833], [ 3572.41665606, 1568.48913911, -345.74483749,   60.33925692,      9.22654715,  -70.64677173,  -61.5119966 ,   33.82661806,     27.42159536,    2.47930621,  -64.08906081,  -17.3390148 ,    -13.25918595], [-2037.02279687, -345.74483749,  535.18198662,    2.52370275,    121.23785633,   26.02403961,  -19.82355242,  -51.53443359,    -16.70407704,  -20.71144356,   57.68540617,   39.730998  ,     36.12096956], [  144.27091889,   60.33925692,    2.52370275,  116.7701579 ,      7.1952309 ,   11.07618368,   -3.4439994 ,   -3.46336863,     -2.97863303,   12.77516232,    9.17580448,   10.91314845,     11.33958137], [ -406.12764556,    9.22654715,  121.23785633,    7.1952309 ,    121.79253947,   29.24625603,   -8.19009491,  -10.38359502,      1.56182145,  -10.16676611,    8.10759797,    7.24860618,      5.5937571 ], [ -100.04320699,  -70.64677173,   26.02403961,   11.07618368,     29.24625603,   87.50654737,   36.31867498,   14.36743677,     -0.52578876,    2.80205538,   10.78041309,    0.5525864 ,     -2.28720533], [  -30.63851228,  -61.5119966 ,  -19.82355242,   -3.4439994 ,     -8.19009491,   36.31867498,   70.05691192,   33.91214098,     10.40167132,    7.20228475,    0.97905365,   -4.26447841,     -6.96283816], [  304.91629766,   33.82661806,  -51.53443359,   -3.46336863,    -10.38359502,   14.36743677,   33.91214098,   67.6204259 ,     28.28178748,    6.31164931,   -9.19897681,   -7.18454212,     -4.97379892], [   52.23054028,   27.42159536,  -16.70407704,   -2.97863303,      1.56182145,   -0.52578876,   10.40167132,   28.28178748,     55.34611229,   19.81765646,   -0.56704411,   -0.56296891,     -3.33342227], [   50.82922378,    2.47930621,  -20.71144356,   12.77516232,    -10.16676611,    2.80205538,    7.20228475,    6.31164931,     19.81765646,   51.83578581,   21.39750213,    2.66700745,     -1.65288255], [ -339.5764901 ,  -64.08906081,   57.68540617,    9.17580448,      8.10759797,   10.78041309,    0.97905365,   -9.19897681,     -0.56704411,   21.39750213,   56.39898007,   25.18488333,      8.58588543], [ -224.05954143,  -17.3390148 ,   39.730998  ,   10.91314845,      7.24860618,    0.5525864 ,   -4.26447841,   -7.18454212,     -0.56296891,    2.66700745,   25.18488333,   48.77360342,     22.97259274], [ -185.17109833,  -13.25918595,   36.12096956,   11.33958137,      5.5937571 ,   -2.28720533,   -6.96283816,   -4.97379892,     -3.33342227,   -1.65288255,    8.58588543,   22.97259274,     49.46078821]]
music/Soundtrack/The Witcher 3 - The Fields of Ard Skellig.mp3; [-768.63544   , 183.02596   ,  18.064154  ,  14.974831  ,   1.9665008 ,    0.14422402,  -0.63303584,   4.344271  ,  -7.4370055 ,  -0.39947006,   -2.3689978 ,  -4.472685  ,   1.3922126 ]; [[10237.02175649, -814.62016463,-2508.05355651, -177.58742865,   -506.23358775, -620.41644899, -376.63491166,   88.19074479,   -150.23098163,  229.02444927, -206.15598237, -187.27923483,    184.45004864], [ -814.62016463, 1722.78317681,  167.22400209, -135.48023359,    -51.36717552,  177.2946994 ,  132.50069908,  -99.30797607,    150.29885183,  -45.87334052,  -33.65360784,   23.61301002,     10.58226659], [-2508.05355651,  167.22400209, 1758.91366934,   17.21385719,    358.44506691,  265.82390162,  232.65613165,  194.34925887,   -186.68543005,  -73.29348202,  278.70784499,  167.03729718,    -59.49619604], [ -177.58742865, -135.48023359,   17.21385719,  469.13129862,    153.77153017,   57.25738151,  -17.03315819,    7.20180657,     87.38232605,   72.27347334,   11.10455614,   20.4814546 ,     28.24063962], [ -506.23358775,  -51.36717552,  358.44506691,  153.77153017,    362.25674215,  109.83664356,    2.88294467,   72.57069711,     -9.92155001,   -6.65418337,   95.38047069,   29.98562581,     -3.80803453], [ -620.41644899,  177.2946994 ,  265.82390162,   57.25738151,    109.83664356,  261.13392497,  114.01983236,   16.86162757,     50.69932003,    4.08567323,   61.84569651,   33.39318662,    -15.67456086], [ -376.63491166,  132.50069908,  232.65613165,  -17.03315819,      2.88294467,  114.01983236,  238.82600804,   76.61578522,    -38.67781406,   15.14206551,   59.27181342,   47.81777328,     -7.59752304], [   88.19074479,  -99.30797607,  194.34925887,    7.20180657,     72.57069711,   16.86162757,   76.61578522,  193.06351213,    -66.76329388,   12.26076177,   77.98134234,   27.65154152,    -10.34385452], [ -150.23098163,  150.29885183, -186.68543005,   87.38232605,     -9.92155001,   50.69932003,  -38.67781406,  -66.76329388,    288.15936486,   43.75887223,  -72.86365678,  -13.00459403,     48.37723224], [  229.02444927,  -45.87334052,  -73.29348202,   72.27347334,     -6.65418337,    4.08567323,   15.14206551,   12.26076177,     43.75887223,  135.67648352,   30.69228789,    5.88818144,     14.59904542], [ -206.15598237,  -33.65360784,  278.70784499,   11.10455614,     95.38047069,   61.84569651,   59.27181342,   77.98134234,    -72.86365678,   30.69228789,  187.15805194,   65.0581334 ,    -13.033522  ], [ -187.27923483,   23.61301002,  167.03729718,   20.4814546 ,     29.98562581,   33.39318662,   47.81777328,   27.65154152,    -13.00459403,    5.88818144,   65.0581334 ,  123.61060159,     36.07206411], [  184.45004864,   10.58226659,  -59.49619604,   28.24063962,     -3.80803453,  -15.67456086,   -7.59752304,  -10.34385452,     48.37723224,   14.59904542,  -13.033522  ,   36.07206411,    133.18559872]]
music/Soundtrack/Mass Effect 3 - Leaving Earth.mp3; [-758.23145   , 196.38103   ,  28.69346   ,  20.807629  ,  -2.6204562 ,    6.3004785 ,   9.147705  ,  11.269688  ,   3.156339  ,   2.410538  ,   -3.8849785 ,  -1.231913  ,   0.68179834]; [[27677.91551184,  764.07453658,-5269.58226145, 1916.72829386,     72.7354632 ,  103.66073918, -519.43926477, -240.13158516,   -512.62480272,   91.61879259, -233.30195028,  221.25999475,    324.23263565], [  764.07453658, 2588.37803637,  633.52028349, -346.15807658,   -149.90545609,   -3.55278558,  109.87107604,  131.13193998,    104.34275466,   20.62400494,   -7.9737331 ,  -50.24058917,     -9.35226996], [-5269.58226145,  633.52028349, 1863.17089947, -349.74556688,    -57.24106833,  -47.82525576,  121.34918136,   80.20014345,    153.25171122,   -9.56289228,   72.40991521,  -21.23033451,    -65.67654701], [ 1916.72829386, -346.15807658, -349.74556688,  485.91606938,     61.70058132,    0.28656363,  -47.10467581,  -38.28684117,    -79.5011324 ,   -3.04788697,  -13.72755136,   51.23163716,     50.21364054], [   72.7354632 , -149.90545609,  -57.24106833,   61.70058132,    179.13649463,   73.85294915,  -18.52384056,  -52.02421042,    -21.46946617,    7.25627831,   24.18269737,   19.34425034,    -11.26129065], [  103.66073918,   -3.55278558,  -47.82525576,    0.28656363,     73.85294915,  122.73153416,   41.67579198,   -7.58266222,     -7.85782627,    5.16898964,    9.91855833,    2.2614587 ,     -7.48572998], [ -519.43926477,  109.87107604,  121.34918136,  -47.10467581,    -18.52384056,   41.67579198,  117.62902091,   70.89812807,     20.7026741 ,   -5.355494  ,   -5.45421915,  -11.79019185,      1.06625579], [ -240.13158516,  131.13193998,   80.20014345,  -38.28684117,    -52.02421042,   -7.58266222,   70.89812807,  100.90295798,     46.10866514,   -0.243163  ,  -11.10336563,  -12.53926527,      6.22524441], [ -512.62480272,  104.34275466,  153.25171122,  -79.5011324 ,    -21.46946617,   -7.85782627,   20.7026741 ,   46.10866514,     84.74439193,   29.62878472,    9.95386847,   -7.89708036,     -5.08229481], [   91.61879259,   20.62400494,   -9.56289228,   -3.04788697,      7.25627831,    5.16898964,   -5.355494  ,   -0.243163  ,     29.62878472,   58.20312464,   33.42631304,    9.5092812 ,     -3.73443013], [ -233.30195028,   -7.9737331 ,   72.40991521,  -13.72755136,     24.18269737,    9.91855833,   -5.45421915,  -11.10336563,      9.95386847,   33.42631304,   66.86949812,   27.73212191,    -13.83828727], [  221.25999475,  -50.24058917,  -21.23033451,   51.23163716,     19.34425034,    2.2614587 ,  -11.79019185,  -12.53926527,     -7.89708036,    9.5092812 ,   27.73212191,   55.40274406,     24.28533585], [  324.23263565,   -9.35226996,  -65.67654701,   50.21364054,    -11.26129065,   -7.48572998,    1.06625579,    6.22524441,     -5.08229481,   -3.73443013,  -13.83828727,   24.28533585,     63.80771981]]
music/Soundtrack/Lord Of The Rings - The Battle Of The Pelennor Fields.mp3; [-724.8729    , 195.27306   ,  -2.884335  ,  18.98176   ,   2.9313622 ,   -1.0356699 ,  -1.1793487 ,   2.8040576 ,  -1.0173162 ,   2.023512  ,   -0.47451204,  -0.3514905 ,  -0.8160909 ]; [[17748.68775747, -857.05874045,-2792.68567598,  690.4538561 ,   -292.62121383,  352.02265699,  209.31884743,  350.4502834 ,   -366.96857428,   -5.74124951,   20.81957696,  -11.34876592,    -88.54481226], [ -857.05874045, 1504.5531602 ,  -88.17790878,  -80.53279619,    -33.83670972, -167.73197895,  -59.50149547, -102.8431685 ,     42.85463718,   -8.8108733 ,  -30.95957157,    5.21524787,     20.95924023], [-2792.68567598,  -88.17790878,  803.15479881, -138.91448634,     94.43062581,   -7.55725199,  -54.48446487,  -36.17190655,     60.34737795,   12.04734608,   16.10336303,   -5.23289396,      3.2409501 ], [  690.4538561 ,  -80.53279619, -138.91448634,  165.29196487,      0.98666242,   37.38849649,   44.07695023,   21.45520191,     -9.81825567,   -6.15811324,   -1.41023705,   -0.2722357 ,     -4.75642651], [ -292.62121383,  -33.83670972,   94.43062581,    0.98666242,     80.83476123,   32.52234227,    2.77744802,    5.24518619,      4.53042737,   -0.0300449 ,    3.99798379,   -0.52756   ,     -1.33834408], [  352.02265699, -167.73197895,   -7.55725199,   37.38849649,     32.52234227,  111.32815723,   32.51622029,   30.0047297 ,     -8.74936015,   -1.67236749,    7.82505379,    2.55263596,    -11.11232693], [  209.31884743,  -59.50149547,  -54.48446487,   44.07695023,      2.77744802,   32.51622029,   78.26723763,   26.534491  ,     -4.29072855,   -3.31889332,   -2.15832142,   -0.1210743 ,     -2.13634947], [  350.4502834 , -102.8431685 ,  -36.17190655,   21.45520191,      5.24518619,   30.0047297 ,   26.534491  ,   64.0945343 ,      7.24806998,    0.91554204,    4.59154671,   -5.3551176 ,     -6.52707323], [ -366.96857428,   42.85463718,   60.34737795,   -9.81825567,      4.53042737,   -8.74936015,   -4.29072855,    7.24806998,     55.20338243,   13.35521464,   -0.14832461,   -1.91874363,     -0.3467778 ], [   -5.74124951,   -8.8108733 ,   12.04734608,   -6.15811324,     -0.0300449 ,   -1.67236749,   -3.31889332,    0.91554204,     13.35521464,   43.32309778,   12.70145306,   -0.02696289,      0.40319731], [   20.81957696,  -30.95957157,   16.10336303,   -1.41023705,      3.99798379,    7.82505379,   -2.15832142,    4.59154671,     -0.14832461,   12.70145306,   44.6273315 ,   14.554506  ,      0.25968624], [  -11.34876592,    5.21524787,   -5.23289396,   -0.2722357 ,     -0.52756   ,    2.55263596,   -0.1210743 ,   -5.3551176 ,     -1.91874363,   -0.02696289,   14.554506  ,   43.43148546,     14.06331749], [  -88.54481226,   20.95924023,    3.2409501 ,   -4.75642651,     -1.33834408,  -11.11232693,   -2.13634947,   -6.52707323,     -0.3467778 ,    0.40319731,    0.25968624,   14.06331749,     40.71419755]]
music/Soundtrack/Flesh And Bone - Dakini_ Movement IV.mp3; [-683.4647   , 185.6192   , -20.64736  ,  20.596142 ,  -2.9552982,   -3.647363 ,  -8.209694 ,   6.118267 ,   1.1570318,   5.4595785,   -2.4040496,  -2.264956 ,  -4.943297 ]; [[10436.82639838,  448.85484217, -821.57167458,  475.48184745,   -434.19589342,  -85.44205071, -509.30595288, -149.66561832,   -512.50642903, -330.76411288, -356.93529499, -140.45131742,    -83.63599109], [  448.85484217, 1709.64786562, -137.51399057,  -39.43697671,    123.27904191,  -51.80676767,   12.14382417,   -2.49581479,     82.46107435,   47.33261931,   33.33530507,   -9.29526407,     20.61282201], [ -821.57167458, -137.51399057,  431.68208048,   68.34775511,    166.3539584 ,   99.30954802,  102.43786986,   16.27673551,     17.1406483 ,   -1.65918631,   11.72991449,   34.36172257,     37.5289324 ], [  475.48184745,  -39.43697671,   68.34775511,  305.50136968,     82.7104336 ,   72.41895573,   20.02841545,    0.88628495,    -51.39350265,  -36.89604977,  -12.59731006,   10.99611309,     33.41173875], [ -434.19589342,  123.27904191,  166.3539584 ,   82.7104336 ,    231.29391178,   83.63771979,   73.09829983,   -1.28854197,     -1.92571843,   -9.63746813,    8.88613103,   25.75826001,     36.08673274], [  -85.44205071,  -51.80676767,   99.30954802,   72.41895573,     83.63771979,  131.37135704,   51.92480693,   12.12674852,     -2.3225439 ,   -8.13410396,    9.70341641,   17.74835721,     17.50583879], [ -509.30595288,   12.14382417,  102.43786986,   20.02841545,     73.09829983,   51.92480693,  139.3421493 ,   27.4754112 ,     34.18742939,   14.65805951,   25.05810424,   24.566124  ,     15.94576917], [ -149.66561832,   -2.49581479,   16.27673551,    0.88628495,     -1.28854197,   12.12674852,   27.4754112 ,  112.3738111 ,     65.7384618 ,   36.64312026,   24.98507336,    9.73038537,     -0.84242164], [ -512.50642903,   82.46107435,   17.1406483 ,  -51.39350265,     -1.92571843,   -2.3225439 ,   34.18742939,   65.7384618 ,    163.81203585,   81.71357317,   46.3153616 ,   10.67133546,    -16.79865419], [ -330.76411288,   47.33261931,   -1.65918631,  -36.89604977,     -9.63746813,   -8.13410396,   14.65805951,   36.64312026,     81.71357317,  124.58924269,   48.88787012,    0.26533164,    -10.40677148], [ -356.93529499,   33.33530507,   11.72991449,  -12.59731006,      8.88613103,    9.70341641,   25.05810424,   24.98507336,     46.3153616 ,   48.88787012,  105.08795336,   28.30676941,     -1.98955384], [ -140.45131742,   -9.29526407,   34.36172257,   10.99611309,     25.75826001,   17.74835721,   24.566124  ,    9.73038537,     10.67133546,    0.26533164,   28.30676941,   93.14497106,     40.15535504], [  -83.63599109,   20.61282201,   37.5289324 ,   33.41173875,     36.08673274,   17.50583879,   15.94576917,   -0.84242164,    -16.79865419,  -10.40677148,   -1.98955384,   40.15535504,    106.84060723]]
music/Soundtrack/Pirates Of The Carribean - Hans Zimmer - Davy Jones.mp3; [-864.3149    , 139.55441   ,  -4.1959577 ,   0.23447627,  -5.0118327 ,    0.8600152 ,   6.2177114 ,  10.660424  ,   8.808242  ,   7.1703744 ,    0.90711457,  -1.962527  ,   0.40388638]; [[36635.62474432, 9389.22046074,-1638.66021496, 4686.09109384,   1877.02724654,  626.8883983 ,-1042.36152057, -767.81182838,  -1112.28376314, -402.59485215,  236.85459826,  612.21209678,    167.61233893], [ 9389.22046074, 4147.12511796,  -80.44648602, 1497.61291969,    820.72872942,  213.27513145, -307.04422434, -371.94225641,   -401.22095668, -166.06717748,   45.5341291 ,  157.5071177 ,     50.63752463], [-1638.66021496,  -80.44648602,  532.37774908,  -67.51064574,    -12.41656605,  -48.24055701,   32.6882409 ,   17.20543662,     12.25046989,  -25.13399408,  -32.69942915,  -34.04877428,     -4.59757234], [ 4686.09109384, 1497.61291969,  -67.51064574,  923.44702405,    411.42669914,   87.4524434 , -199.34456439, -162.07838472,   -185.54552893,  -84.32250793,  -18.4762348 ,   58.2405812 ,     31.71812756], [ 1877.02724654,  820.72872942,  -12.41656605,  411.42669914,    378.05557917,  134.43449952,  -83.24855914, -143.10281629,   -124.00035517,  -66.67922257,  -18.75827872,   21.80428649,     33.92093257], [  626.8883983 ,  213.27513145,  -48.24055701,   87.4524434 ,    134.43449952,  149.26928954,   40.74065601,  -37.81099431,    -61.32698842,  -36.01517236,   -0.07600938,   22.95412319,     20.4792364 ], [-1042.36152057, -307.04422434,   32.6882409 , -199.34456439,    -83.24855914,   40.74065601,  182.49932088,  107.66649665,     35.03656162,  -20.97576669,  -20.18046259,   -8.38054645,     12.05419737], [ -767.81182838, -371.94225641,   17.20543662, -162.07838472,   -143.10281629,  -37.81099431,  107.66649665,  174.9419416 ,    115.66322541,   20.08994508,  -31.37820606,  -31.88630552,     -6.90441836], [-1112.28376314, -401.22095668,   12.25046989, -185.54552893,   -124.00035517,  -61.32698842,   35.03656162,  115.66322541,    178.53579143,   87.2627185 ,  -23.58723568,  -64.15195165,    -20.58054409], [ -402.59485215, -166.06717748,  -25.13399408,  -84.32250793,    -66.67922257,  -36.01517236,  -20.97576669,   20.08994508,     87.2627185 ,  138.944253  ,   58.55129855,  -10.6247355 ,    -25.80123131], [  236.85459826,   45.5341291 ,  -32.69942915,  -18.4762348 ,    -18.75827872,   -0.07600938,  -20.18046259,  -31.37820606,    -23.58723568,   58.55129855,  130.27285623,   90.30317246,      8.72694974], [  612.21209678,  157.5071177 ,  -34.04877428,   58.2405812 ,     21.80428649,   22.95412319,   -8.38054645,  -31.88630552,    -64.15195165,  -10.6247355 ,   90.30317246,  142.20042388,     60.60100362], [  167.61233893,   50.63752463,   -4.59757234,   31.71812756,     33.92093257,   20.4792364 ,   12.05419737,   -6.90441836,    -20.58054409,  -25.80123131,    8.72694974,   60.60100362,    104.31985477]]
music/Soundtrack/The Hobbit 3 - Howard Shore_Ironfoot [Extended Version].mp3; [-707.0405   , 183.84563  ,  -4.7306437,  21.090923 ,   3.3199034,    2.9723291,  -2.8708415,   1.4955182,  -1.9821438,   5.236596 ,    1.2788486,   2.170788 ,   5.6422644]; [[14421.78028054,  402.04742923,-1009.5729648 ,  876.86094162,   -330.11835248,  379.5239372 ,   64.4601856 ,  385.24850393,    190.84238769,  332.66389271,   93.45591058,  121.21569645,    103.68051409], [  402.04742923, 1742.82205443,   36.677088  ,  -87.63061796,     47.53779184, -150.59470884,  -59.33919552,  -43.64008658,    -50.07304851,  -69.69398764,  -14.42500398,  -17.37553995,     -7.80735105], [-1009.5729648 ,   36.677088  ,  394.55193407,   -4.50446373,    101.55254191,   80.93221926,   52.91995829,   19.74974767,     51.84067862,   34.03122177,   22.05773213,   10.22846682,     17.37259241], [  876.86094162,  -87.63061796,   -4.50446373,  251.12415061,     41.02262672,   89.98858321,   45.06580937,   56.96768891,     50.89595328,   52.70515213,   10.05452   ,   23.74983633,     38.8693915 ], [ -330.11835248,   47.53779184,  101.55254191,   41.02262672,    169.97895308,  111.69300173,   48.0549055 ,    4.35132435,     39.70522914,   42.38937605,   28.42712019,    6.18897683,      1.2408652 ], [  379.5239372 , -150.59470884,   80.93221926,   89.98858321,    111.69300173,  285.6126662 ,  140.70349037,   48.58388913,     59.03856085,   94.36975811,   59.30911359,   51.90669352,     12.28770405], [   64.4601856 ,  -59.33919552,   52.91995829,   45.06580937,     48.0549055 ,  140.70349037,  154.05940516,   65.61445656,     21.21847587,   38.11921442,   37.31216473,   48.17155345,      5.54121666], [  385.24850393,  -43.64008658,   19.74974767,   56.96768891,      4.35132435,   48.58388913,   65.61445656,  125.63745026,     46.32358356,   13.84235009,   11.45510991,   29.6863899 ,     27.0721209 ], [  190.84238769,  -50.07304851,   51.84067862,   50.89595328,     39.70522914,   59.03856085,   21.21847587,   46.32358356,    121.38780612,   62.9468552 ,   13.10200258,  -11.57063385,     23.27872356], [  332.66389271,  -69.69398764,   34.03122177,   52.70515213,     42.38937605,   94.36975811,   38.11921442,   13.84235009,     62.9468552 ,  127.40290458,   46.60322654,    2.06324604,      1.13425188], [   93.45591058,  -14.42500398,   22.05773213,   10.05452   ,     28.42712019,   59.30911359,   37.31216473,   11.45510991,     13.10200258,   46.60322654,  100.40921838,   47.585637  ,     -6.2659398 ], [  121.21569645,  -17.37553995,   10.22846682,   23.74983633,      6.18897683,   51.90669352,   48.17155345,   29.6863899 ,    -11.57063385,    2.06324604,   47.585637  ,  119.93845051,     22.83003054], [  103.68051409,   -7.80735105,   17.37259241,   38.8693915 ,      1.2408652 ,   12.28770405,    5.54121666,   27.0721209 ,     23.27872356,    1.13425188,   -6.2659398 ,   22.83003054,    126.67228792]]
music/Soundtrack/Vikings - Floki Appears to Kill Athelstan.mp3; [-746.00635  , 170.17076  ,  21.378876 ,  24.779024 ,  23.276468 ,   11.673966 ,  -5.104998 ,   8.481091 ,  -2.6586401,   3.7509444,    3.566779 ,   4.751698 ,   7.576006 ]; [[7963.61934399,1205.05132578, 285.11839978, 543.28290312, 143.58003496,   110.0595066 , 335.66823587, 620.67268103,  -1.3510601 , 133.00815771,   207.54681548, 293.83609492,  92.88732843], [1205.05132578,1702.56565957,-198.78260512, -57.25278468, 107.67649974,    34.88317708,  -3.19110876,  41.61431316, -14.54629606, -30.82283118,    34.64366615,  17.84973732,  29.2742492 ], [ 285.11839978,-198.78260512, 727.52265875, 307.18988821,  94.62914172,     8.3907854 , 299.8494805 , 267.14153332,  42.53796943,  87.50061992,    91.24126714, 152.60022863,  87.25906194], [ 543.28290312, -57.25278468, 307.18988821, 386.53890259,  44.377374  ,   -27.04993185, 221.39697045, 180.93090995,  10.47437602,  47.09589254,    54.19113822,  79.48752307,  37.87789889], [ 143.58003496, 107.67649974,  94.62914172,  44.377374  , 371.78282518,    17.35010768,   9.02048515,  34.89395384,  54.0536165 ,  23.30581682,    50.50094598,  97.43324061,  73.75847795], [ 110.0595066 ,  34.88317708,   8.3907854 , -27.04993185,  17.35010768,   110.71680303, -19.12088351,  -0.03667608,   9.13232415,  24.6580856 ,    21.91308148,  -5.64346014,  17.90973747], [ 335.66823587,  -3.19110876, 299.8494805 , 221.39697045,   9.02048515,   -19.12088351, 296.20569942, 219.80964602,  18.87446434,  32.16047746,    77.56920159,  95.51691283,  52.39154442], [ 620.67268103,  41.61431316, 267.14153332, 180.93090995,  34.89395384,    -0.03667608, 219.80964602, 318.39786264,  16.05369998,   1.43659574,   105.27187527, 112.7074596 ,  51.5485732 ], [  -1.3510601 , -14.54629606,  42.53796943,  10.47437602,  54.0536165 ,     9.13232415,  18.87446434,  16.05369998,  72.92935788,  12.93379071,     9.49404747,  26.2818093 ,  14.57254446], [ 133.00815771, -30.82283118,  87.50061992,  47.09589254,  23.30581682,    24.6580856 ,  32.16047746,   1.43659574,  12.93379071, 103.92699969,    23.77927624,  -5.75811106,  30.37969433], [ 207.54681548,  34.64366615,  91.24126714,  54.19113822,  50.50094598,    21.91308148,  77.56920159, 105.27187527,   9.49404747,  23.77927624,   112.0696936 ,  58.0050293 ,  46.462187  ], [ 293.83609492,  17.84973732, 152.60022863,  79.48752307,  97.43324061,    -5.64346014,  95.51691283, 112.7074596 ,  26.2818093 ,  -5.75811106,    58.0050293 , 136.41284619,  45.18943319], [  92.88732843,  29.2742492 ,  87.25906194,  37.87789889,  73.75847795,    17.90973747,  52.39154442,  51.5485732 ,  14.57254446,  30.37969433,    46.462187  ,  45.18943319, 102.87002091]]
music/Soundtrack/Outlander - Dance of the Druids (feat Raya Yarbrough).mp3; [-759.4703    , 145.44966   , -15.678333  ,   4.110611  ,  -6.9966288 ,   -2.6783485 ,  -4.685175  ,   3.4183323 ,  -5.912119  ,   0.05794139,   -3.379861  ,   0.19710758,   3.1047392 ]; [[18074.15478012, 2643.2217355 ,  985.59605032, 1338.11318009,    811.53582472,  728.48741676,  420.33433777,  836.83202406,    354.69442344,  530.14291296,   27.81621575,  188.41261199,    189.30327648], [ 2643.2217355 , 2310.03165485,  656.62336087,  189.15148696,    293.99648302,   97.07967478,  -61.28494875,  -94.65896171,   -133.88944507,  -51.45349238, -146.83797397,  -44.68702242,    -60.38877858], [  985.59605032,  656.62336087,  868.34763341,  318.48959437,    232.49116186,  186.39990595,   68.94363255,   37.5361192 ,      3.41503975,   -9.98157986,  -73.54014657,  -54.79432332,    -81.41077689], [ 1338.11318009,  189.15148696,  318.48959437,  632.22125505,    199.48563995,  142.17264864,  125.06148891,   95.83823677,    134.69953567,   51.29031212,  -23.59852089,  -51.62075415,     -0.13632461], [  811.53582472,  293.99648302,  232.49116186,  199.48563995,    296.54720324,  147.98577758,   76.27834636,   83.61666618,     43.66476943,   41.03964333,   -2.6888028 ,   15.59571828,     10.42049255], [  728.48741676,   97.07967478,  186.39990595,  142.17264864,    147.98577758,  249.33796096,  186.73381159,  130.30761876,     33.82347939,   35.2393049 ,   10.50715633,   27.23018438,     29.01488925], [  420.33433777,  -61.28494875,   68.94363255,  125.06148891,     76.27834636,  186.73381159,  311.67458596,  188.77212653,     52.32801541,   40.29932386,    6.52052604,   27.10095629,     49.652841  ], [  836.83202406,  -94.65896171,   37.5361192 ,   95.83823677,     83.61666618,  130.30761876,  188.77212653,  303.16429597,    111.06660224,   62.15548213,    0.00436622,   10.91087981,     34.79652424], [  354.69442344, -133.88944507,    3.41503975,  134.69953567,     43.66476943,   33.82347939,   52.32801541,  111.06660224,    204.04723826,  106.93509708,   42.93826341,  -19.80769897,    -14.00557852], [  530.14291296,  -51.45349238,   -9.98157986,   51.29031212,     41.03964333,   35.2393049 ,   40.29932386,   62.15548213,    106.93509708,  193.59994689,  113.14901326,   39.03968123,      8.48907149], [   27.81621575, -146.83797397,  -73.54014657,  -23.59852089,     -2.6888028 ,   10.50715633,    6.52052604,    0.00436622,     42.93826341,  113.14901326,  181.88533487,   90.69351534,     29.39838231], [  188.41261199,  -44.68702242,  -54.79432332,  -51.62075415,     15.59571828,   27.23018438,   27.10095629,   10.91087981,    -19.80769897,   39.03968123,   90.69351534,  168.03402127,     99.20302528], [  189.30327648,  -60.38877858,  -81.41077689,   -0.13632461,     10.42049255,   29.01488925,   49.652841  ,   34.79652424,    -14.00557852,    8.48907149,   29.39838231,   99.20302528,    160.90823575]]
music/Hip Hop/Sido - Spring r.auf.mp3; [-554.38385  ,  72.482994 ,  12.983688 ,  16.045443 ,  -4.9692774,   -4.8188343, -13.963455 ,   3.259307 ,  -4.553422 ,  -6.547434 ,   -1.548955 ,  -2.956737 ,   2.771754 ]; [[6997.16246042, 686.64480614,-251.27925451, 249.08995444,  34.548434  ,   -11.89128452,  65.87130349,  52.35573405,-156.81452889, 100.5428225 ,   142.48832414,  96.70356434,  -6.72762823], [ 686.64480614, 862.38075881, -49.55878771,  79.34287182,  -0.30540704,    73.7046504 ,  31.80048172,  87.09530378,  21.58512729,  31.11013728,    93.67089269,  88.70242581,  18.19010547], [-251.27925451, -49.55878771,1080.62185812, 376.90449595, 256.36975873,   368.43135698, 248.83423515, 221.48879629, 261.64514599, 107.50609106,    92.16510581,  94.35475954,  31.63155687], [ 249.08995444,  79.34287182, 376.90449595, 595.9719802 , 318.27631248,   175.80479034,  74.87185143, 157.32654979, 132.35573083,  67.12957986,    56.89340972,  31.47046816,  61.34306251], [  34.548434  ,  -0.30540704, 256.36975873, 318.27631248, 405.58563577,   135.63417723,  55.94579535,  81.73150459,  95.52884387,  59.39962044,    51.69124602,   7.46436552,  55.83048263], [ -11.89128452,  73.7046504 , 368.43135698, 175.80479034, 135.63417723,   367.92066426, 185.14736236, 127.91432237, 161.48387178, 100.72572374,    85.90900178,  80.21592263,  22.60219398], [  65.87130349,  31.80048172, 248.83423515,  74.87185143,  55.94579535,   185.14736236, 289.82169126, 155.66194854, 112.02357536,  85.03502314,    84.49800698,  78.40882442,  23.11411277], [  52.35573405,  87.09530378, 221.48879629, 157.32654979,  81.73150459,   127.91432237, 155.66194854, 252.58132051, 141.46951992,  60.72801216,    81.83872852,  50.09928767,  30.98596709], [-156.81452889,  21.58512729, 261.64514599, 132.35573083,  95.52884387,   161.48387178, 112.02357536, 141.46951992, 223.8471393 , 114.82222098,    75.6978775 ,  63.74673806,  44.12574058], [ 100.5428225 ,  31.11013728, 107.50609106,  67.12957986,  59.39962044,   100.72572374,  85.03502314,  60.72801216, 114.82222098, 170.34383709,   101.2724821 ,  60.54926468,  42.82831162], [ 142.48832414,  93.67089269,  92.16510581,  56.89340972,  51.69124602,    85.90900178,  84.49800698,  81.83872852,  75.6978775 , 101.2724821 ,   160.04706495,  87.08227364,  61.65880621], [  96.70356434,  88.70242581,  94.35475954,  31.47046816,   7.46436552,    80.21592263,  78.40882442,  50.09928767,  63.74673806,  60.54926468,    87.08227364, 126.67797948,  59.55822376], [  -6.72762823,  18.19010547,  31.63155687,  61.34306251,  55.83048263,    22.60219398,  23.11411277,  30.98596709,  44.12574058,  42.82831162,    61.65880621,  59.55822376, 122.80589374]]
music/Hip Hop/Chiddy Bang - Opposite Of Adults.mp3; [-539.9829    ,  76.63294   ,  11.789239  ,  15.306618  ,  10.471528  ,    8.517993  ,   1.698624  ,   3.2614155 ,  -1.8224418 ,   6.260804  ,    1.1806899 ,  -2.7799873 ,  -0.16732234]; [[11637.13674956, 1118.62556404, 1260.71312956,  366.15589682,    449.7586482 ,  359.93647242,  128.05277149,   26.96222844,     48.97580393,  251.53630489,  -19.86106609,  -73.49165609,    -48.3583526 ], [ 1118.62556404, 1657.3770388 ,   83.30690844,  -51.50925506,    181.04683641,   -7.00014334,  151.44685377,  115.69316751,     45.85022658,  119.18332929,   86.18218885,   38.76791801,     19.98536097], [ 1260.71312956,   83.30690844, 1790.73640159,  431.89824342,    267.78993611,  234.86122864,  168.72165647,   20.81061748,     77.11175548,  -14.4389653 ,  -98.50501586,  -20.80154459,      3.7110614 ], [  366.15589682,  -51.50925506,  431.89824342,  487.12296827,    255.82042247,   65.96441683,    4.02103093,   37.77139104,     53.76862105,   29.27585169,  -20.79574766,   10.2802809 ,     47.41236523], [  449.7586482 ,  181.04683641,  267.78993611,  255.82042247,    377.91989501,  130.02819402,   12.03401124,   16.37115822,     76.19902629,   72.94593507,    5.81187608,    7.70837599,     19.95158128], [  359.93647242,   -7.00014334,  234.86122864,   65.96441683,    130.02819402,  337.78620074,  148.81799002,   53.07099047,     76.14128707,   48.24679659,   70.79587127,   46.01877939,    -10.98088556], [  128.05277149,  151.44685377,  168.72165647,    4.02103093,     12.03401124,  148.81799002,  231.08887518,  114.43558739,     43.03552705,   26.95352141,   59.12404507,   47.25675388,     16.43217102], [   26.96222844,  115.69316751,   20.81061748,   37.77139104,     16.37115822,   53.07099047,  114.43558739,  178.41192516,     78.90323822,   26.60299949,   45.84198668,   33.96672813,     31.60203343], [   48.97580393,   45.85022658,   77.11175548,   53.76862105,     76.19902629,   76.14128707,   43.03552705,   78.90323822,    134.28123543,   62.63628527,   28.38517005,   20.69171483,      8.05906521], [  251.53630489,  119.18332929,  -14.4389653 ,   29.27585169,     72.94593507,   48.24679659,   26.95352141,   26.60299949,     62.63628527,  131.55939089,   57.92683452,   21.23064678,     16.31999633], [  -19.86106609,   86.18218885,  -98.50501586,  -20.79574766,      5.81187608,   70.79587127,   59.12404507,   45.84198668,     28.38517005,   57.92683452,  128.91013244,   56.57937977,      3.96558266], [  -73.49165609,   38.76791801,  -20.80154459,   10.2802809 ,      7.70837599,   46.01877939,   47.25675388,   33.96672813,     20.69171483,   21.23064678,   56.57937977,   92.63632945,     42.22557339], [  -48.3583526 ,   19.98536097,    3.7110614 ,   47.41236523,     19.95158128,  -10.98088556,   16.43217102,   31.60203343,      8.05906521,   16.31999633,    3.96558266,   42.22557339,     99.20959042]]
music/Hip Hop/Kid Cudi - Mr Rager.mp3; [-621.5959    , 169.64134   ,  12.961672  ,  18.06603   ,   4.5704618 ,   15.545733  ,  11.779018  ,   8.479564  ,   3.3809037 ,  -0.07756869,    5.476359  ,  -0.42078802,  -5.119468  ]; [[ 9699.02086285,-1159.35984761, 1048.7549051 ,  468.56431553,    579.13761307,  356.6836358 , -347.35079437,  -55.02933119,    348.95733078,  264.0533334 ,  178.86190678,  152.50650558,     52.67126021], [-1159.35984761, 2069.5753058 , -312.18515019,  260.69541232,     96.7832692 ,  -89.35776367,   90.51038777,    3.91158671,    118.73992761,  -73.7554274 , -147.06501848,   18.04796212,    144.00527123], [ 1048.7549051 , -312.18515019, 1073.56095232,   66.21444227,    187.91088283,   86.10042786,   26.47947552,   91.70845664,     97.17360575,  -36.92835986,   44.30925032,   33.47247392,     11.44421083], [  468.56431553,  260.69541232,   66.21444227,  552.22860541,    206.75846718,  127.34317553,   43.46339037,   74.51636454,     83.4011939 ,   59.1319963 ,  -44.56633496,    5.97003719,     32.96461378], [  579.13761307,   96.7832692 ,  187.91088283,  206.75846718,    395.84397852,  106.41463625,    3.31303217,   44.95102534,     70.2332412 ,   56.44029731,   -9.07037536,   10.70895998,     33.88554871], [  356.6836358 ,  -89.35776367,   86.10042786,  127.34317553,    106.41463625,  272.65004241,   64.71753468,   88.85259568,     13.51755692,   79.00059153,   61.88732575,   19.16336194,    -11.17927025], [ -347.35079437,   90.51038777,   26.47947552,   43.46339037,      3.31303217,   64.71753468,  219.76847293,   84.55091522,     14.72753501,    3.28277997,   20.97319026,   23.08854043,     -6.44436202], [  -55.02933119,    3.91158671,   91.70845664,   74.51636454,     44.95102534,   88.85259568,   84.55091522,  240.53362515,     28.09867059,   35.87268049,   22.19462494,  -21.67346561,    -13.01053911], [  348.95733078,  118.73992761,   97.17360575,   83.4011939 ,     70.2332412 ,   13.51755692,   14.72753501,   28.09867059,    208.92186673,   62.53070087,    6.53353076,   15.66825992,     24.08446486], [  264.0533334 ,  -73.7554274 ,  -36.92835986,   59.1319963 ,     56.44029731,   79.00059153,    3.28277997,   35.87268049,     62.53070087,  195.16220513,   75.84860753,   -7.34250489,     -6.79413411], [  178.86190678, -147.06501848,   44.30925032,  -44.56633496,     -9.07037536,   61.88732575,   20.97319026,   22.19462494,      6.53353076,   75.84860753,  185.67819544,   29.78578261,    -31.26811029], [  152.50650558,   18.04796212,   33.47247392,    5.97003719,     10.70895998,   19.16336194,   23.08854043,  -21.67346561,     15.66825992,   -7.34250489,   29.78578261,  121.9353658 ,     33.58375665], [   52.67126021,  144.00527123,   11.44421083,   32.96461378,     33.88554871,  -11.17927025,   -6.44436202,  -13.01053911,     24.08446486,   -6.79413411,  -31.26811029,   33.58375665,    131.16944298]]
music/Hip Hop/257ers - Auseinanda.mp3; [-512.6482    ,  77.691505  ,  18.77155   ,  11.048808  ,  15.163069  ,    7.218223  ,   7.61229   ,  12.055036  ,   2.4421768 ,   6.724643  ,    3.296327  ,   4.197256  ,  -0.98733425]; [[6224.14983643,  46.43561524,-117.35144972, -63.17275918,  63.65677577,    25.49637179, -27.71073471,  60.43212242,  -4.82056669,  43.50406885,    88.34315889,  -7.67098602, -79.18189636], [  46.43561524,1318.04365451,-323.93330049,  58.76925126,  98.77022812,    42.89789371, 117.9661373 , 149.16207229,  83.03702149,  36.13324972,    99.98479705,  86.91476194,  60.16953875], [-117.35144972,-323.93330049, 810.66115843, 184.09089488,  91.16530109,   134.46301711, 118.57097014,  67.55560725,  81.11770269,  70.89876472,     4.72290751,  50.48980759,  67.50017116], [ -63.17275918,  58.76925126, 184.09089488, 444.00251006, 214.86946139,    81.96759326,  37.37040891,  68.48831012,  75.52948129,  67.31619392,    30.32892708,  39.28721765,  73.7330054 ], [  63.65677577,  98.77022812,  91.16530109, 214.86946139, 409.57634774,   128.45621803,  18.57953179,  59.84043698, 112.4994811 , 111.16884624,    72.58521023,  81.71821543,  84.00931703], [  25.49637179,  42.89789371, 134.46301711,  81.96759326, 128.45621803,   224.77139916, 124.55762475,  76.61009258,  76.60716141,  78.96006437,    72.9375273 ,  61.37102762,  46.40863859], [ -27.71073471, 117.9661373 , 118.57097014,  37.37040891,  18.57953179,   124.55762475, 266.30191759, 146.60737964,  60.34956803,  68.84998623,    77.96447424,  69.94224096,  46.0771135 ], [  60.43212242, 149.16207229,  67.55560725,  68.48831012,  59.84043698,    76.61009258, 146.60737964, 215.59469844,  97.9581954 ,  51.78967391,    78.05232642,  76.57750754,  49.61495101], [  -4.82056669,  83.03702149,  81.11770269,  75.52948129, 112.4994811 ,    76.60716141,  60.34956803,  97.9581954 , 155.25232382,  98.21772749,    60.25851443,  64.67979915,  54.71645282], [  43.50406885,  36.13324972,  70.89876472,  67.31619392, 111.16884624,    78.96006437,  68.84998623,  51.78967391,  98.21772749, 165.83691524,   100.86690048,  63.89371351,  49.5320331 ], [  88.34315889,  99.98479705,   4.72290751,  30.32892708,  72.58521023,    72.9375273 ,  77.96447424,  78.05232642,  60.25851443, 100.86690048,   163.93058751,  88.46045532,  35.81575592], [  -7.67098602,  86.91476194,  50.48980759,  39.28721765,  81.71821543,    61.37102762,  69.94224096,  76.57750754,  64.67979915,  63.89371351,    88.46045532, 128.8993862 ,  69.83442745], [ -79.18189636,  60.16953875,  67.50017116,  73.7330054 ,  84.00931703,    46.40863859,  46.0771135 ,  49.61495101,  54.71645282,  49.5320331 ,    35.81575592,  69.83442745, 118.92276047]]
