music/Rock/Pvris - My House.mp3; [-564.31854   , 121.164246  , -22.53595   ,  11.368791  ,  -7.2738853 ,    3.940281  ,   5.3013396 ,  -0.73330146,   0.75850374,  -0.8664437 ,    0.19612233,  -2.7620509 ,  -1.7730091 ]; [[14067.62370597,-1998.27576541,  623.88556986,  757.16248795,    631.2979469 ,  480.94982214,  373.88105237,  672.41980728,    270.55386272,  314.39811198,    6.98002037,  187.17028193,    162.91389634], [-1998.27576541, 2637.4053681 , -186.09794914,   32.78159654,     -9.48370605,  133.71680645,  162.28286941, -135.40726504,     72.51063191,  -38.2505726 ,   82.58671413,  -16.08299379,    -12.50715382], [  623.88556986, -186.09794914, 1492.67701817,  163.4071886 ,    382.95442668,  251.40560188,  147.1626134 ,  178.47839147,    130.42384041,  108.49961669,   53.83461389,   52.04813865,     87.63516098], [  757.16248795,   32.78159654,  163.4071886 ,  532.89386015,    154.73603332,  149.58725927,   73.78878517,  123.63235089,     97.28269855,   59.97698448,    3.47658414,   27.11540302,      1.76511807], [  631.2979469 ,   -9.48370605,  382.95442668,  154.73603332,    335.38464664,  151.84941761,  104.61743689,  111.53262974,     97.61905538,   76.13837042,   18.36435099,   33.33217186,     25.3986099 ], [  480.94982214,  133.71680645,  251.40560188,  149.58725927,    151.84941761,  280.89648211,  116.33635887,  113.13746848,     43.43019068,   80.72515539,   33.25330794,   25.71235203,     16.07112902], [  373.88105237,  162.28286941,  147.1626134 ,   73.78878517,    104.61743689,  116.33635887,  230.96387692,   54.38571103,     67.92411312,   58.73555475,   48.06159603,   17.75893171,     26.80639066], [  672.41980728, -135.40726504,  178.47839147,  123.63235089,    111.53262974,  113.13746848,   54.38571103,  205.93452935,     65.86338442,   69.47470685,    9.30145317,   34.53980577,     24.01415728], [  270.55386272,   72.51063191,  130.42384041,   97.28269855,     97.61905538,   43.43019068,   67.92411312,   65.86338442,    149.47683696,   47.56217084,   27.04564806,   15.86813478,     28.67312026], [  314.39811198,  -38.2505726 ,  108.49961669,   59.97698448,     76.13837042,   80.72515539,   58.73555475,   69.47470685,     47.56217084,  115.2349517 ,   33.00670653,   20.03887884,     15.46194463], [    6.98002037,   82.58671413,   53.83461389,    3.47658414,     18.36435099,   33.25330794,   48.06159603,    9.30145317,     27.04564806,   33.00670653,   90.79754568,   29.3263543 ,     22.63473683], [  187.17028193,  -16.08299379,   52.04813865,   27.11540302,     33.33217186,   25.71235203,   17.75893171,   34.53980577,     15.86813478,   20.03887884,   29.3263543 ,   87.77925463,     34.2789125 ], [  162.91389634,  -12.50715382,   87.63516098,    1.76511807,     25.3986099 ,   16.07112902,   26.80639066,   24.01415728,     28.67312026,   15.46194463,   22.63473683,   34.2789125 ,     92.97296858]]
music/Rock/The Offspring - You're Gonna Go Far Kid.mp3; [-487.8764    ,  90.854324  ,  -2.313663  ,  26.665695  ,   3.425534  ,    7.7990394 ,   3.8212416 ,  17.459703  ,   4.060777  ,   7.638058  ,    3.008214  ,   0.9544235 ,   0.71950734]; [[7832.21172311, 575.16485684,-384.24760815, -34.78786449,-160.13773339,    20.34947968,-104.6805787 , 122.92508194, -56.32980936, -17.29717515,   -19.69876297, -78.35291253, -30.70542936], [ 575.16485684, 890.81550432,-315.63869723,  91.82223746,  30.11549249,    12.6453668 ,  62.24466933, 103.59384692,  -9.61376354,  50.74340422,    47.43834855, -25.74742468,  20.72955645], [-384.24760815,-315.63869723, 516.74046534,  20.87808147,  52.09983054,    34.36532511,  19.88652827, -65.13309638,  15.92776978, -23.52695428,   -32.59003411,  56.1592484 ,  -1.81234738], [ -34.78786449,  91.82223746,  20.87808147, 206.66758493,  78.98014725,     3.04921673,   5.70064246,  47.90003258,  11.80568663,   9.74900462,    -6.34747658,   2.34154866,  21.19187142], [-160.13773339,  30.11549249,  52.09983054,  78.98014725, 196.43459499,   -11.18981169,  -8.49892853,  27.64104538,   8.84471804,  28.33194029,   -17.29416253,  19.93511303,  34.42988089], [  20.34947968,  12.6453668 ,  34.36532511,   3.04921673, -11.18981169,   163.05169898,  66.64354438,  10.65505502,  13.49919732,   4.47439604,    35.85683254, -10.08182278, -14.18496241], [-104.6805787 ,  62.24466933,  19.88652827,   5.70064246,  -8.49892853,    66.64354438, 177.37999919,  22.61755782,   7.8013169 ,   2.31945866,    24.82830672,  13.6922948 ,  -8.05489407], [ 122.92508194, 103.59384692, -65.13309638,  47.90003258,  27.64104538,    10.65505502,  22.61755782, 149.64137661,  23.31178191,  26.28720529,    23.74656628, -17.07637554,  13.94033032], [ -56.32980936,  -9.61376354,  15.92776978,  11.80568663,   8.84471804,    13.49919732,   7.8013169 ,  23.31178191,  85.33734606,  25.44607642,    10.49133003,  -8.92334392,  -7.05312341], [ -17.29717515,  50.74340422, -23.52695428,   9.74900462,  28.33194029,     4.47439604,   2.31945866,  26.28720529,  25.44607642,  79.91782534,    35.23534316,  -1.90632919,   1.28741351], [ -19.69876297,  47.43834855, -32.59003411,  -6.34747658, -17.29416253,    35.85683254,  24.82830672,  23.74656628,  10.49133003,  35.23534316,   101.4117208 ,   6.36822097,  -1.88267298], [ -78.35291253, -25.74742468,  56.1592484 ,   2.34154866,  19.93511303,   -10.08182278,  13.6922948 , -17.07637554,  -8.92334392,  -1.90632919,     6.36822097,  87.40200411,  33.15095649], [ -30.70542936,  20.72955645,  -1.81234738,  21.19187142,  34.42988089,   -14.18496241,  -8.05489407,  13.94033032,  -7.05312341,   1.28741351,    -1.88267298,  33.15095649,  73.67206997]]
music/Rock/Blink-182 - Adam's Song.mp3; [-566.37787   , 125.59046   ,  -6.033349  ,  30.796017  ,   1.2732596 ,   11.255922  ,   0.20845786,   4.440922  ,  -1.3256099 ,   1.3929573 ,   -1.8187499 ,  -3.7356458 ,  -6.981026  ]; [[10961.57442464,-3533.13590156,  493.10881272, -273.12465893,   -773.14252202,  604.76014005,  -55.15753733,  389.45249352,    396.22616504,  245.45563279,    6.79393333,   23.76951837,    252.38294396], [-3533.13590156, 2014.87266907, -599.89684486,   80.12009699,    239.3531305 , -275.69217305,   26.80823048, -143.56746617,   -114.52141743,  -61.47571857,   23.7941605 ,   28.61592559,    -75.69708006], [  493.10881272, -599.89684486,  705.22165377,   92.44582116,     18.37275595,  199.69186407,   35.28329319,   70.50572892,     64.02018795,   40.90733347,   -8.32970661,  -17.97509617,     56.57521995], [ -273.12465893,   80.12009699,   92.44582116,  251.04236096,     74.72503834,   39.81245138,   15.50778326,   -2.01794913,     48.53371964,   37.90026865,  -20.45112331,   -0.186391  ,     32.45973645], [ -773.14252202,  239.3531305 ,   18.37275595,   74.72503834,    200.16211576,   -6.14968928,    5.99969334,  -25.39818973,      0.15675748,    8.07281579,  -10.85173634,   -5.39998781,     -5.76508955], [  604.76014005, -275.69217305,  199.69186407,   39.81245138,     -6.14968928,  217.01110855,   50.31833165,   66.97936066,     57.242168  ,   51.48502741,   17.60493388,   -6.57507571,     33.36681787], [  -55.15753733,   26.80823048,   35.28329319,   15.50778326,      5.99969334,   50.31833165,  128.40323756,   56.802345  ,      9.59965141,   -1.90361144,   18.43463376,   10.62762777,    -16.53150041], [  389.45249352, -143.56746617,   70.50572892,   -2.01794913,    -25.39818973,   66.97936066,   56.802345  ,  129.85853947,     56.50498755,   15.57549188,   19.23819258,    3.520597  ,     12.55234379], [  396.22616504, -114.52141743,   64.02018795,   48.53371964,      0.15675748,   57.242168  ,    9.59965141,   56.50498755,    122.41635087,   55.44251096,   -4.93050163,   -4.91331129,     28.63020842], [  245.45563279,  -61.47571857,   40.90733347,   37.90026865,      8.07281579,   51.48502741,   -1.90361144,   15.57549188,     55.44251096,  103.75028883,   16.46596527,   -3.47487825,     31.76603468], [    6.79393333,   23.7941605 ,   -8.32970661,  -20.45112331,    -10.85173634,   17.60493388,   18.43463376,   19.23819258,     -4.93050163,   16.46596527,   98.98122906,   31.7477373 ,    -22.94714998], [   23.76951837,   28.61592559,  -17.97509617,   -0.186391  ,     -5.39998781,   -6.57507571,   10.62762777,    3.520597  ,     -4.91331129,   -3.47487825,   31.7477373 ,   70.07711512,      7.98862165], [  252.38294396,  -75.69708006,   56.57521995,   32.45973645,     -5.76508955,   33.36681787,  -16.53150041,   12.55234379,     28.63020842,   31.76603468,  -22.94714998,    7.98862165,    102.13245258]]
music/Rock/twenty one pilots - Car Radio.mp3; [-608.8831    , 114.88185   ,  18.779858  ,  10.031172  ,   6.293902  ,   -1.4514576 ,   3.0785832 ,  -0.75952214,  -3.8590853 ,   0.8246017 ,   -4.192876  ,  -1.0524564 ,  -0.12374227]; [[16047.43973101,-3207.0567839 ,-1372.09595457,   52.66601904,    300.17103419,  497.73765935,  331.88178127,  660.19058216,    739.55098776,  372.32984681,  332.4831711 ,  177.49599365,    157.05247652], [-3207.0567839 , 2576.58609795, -166.43968495, -259.05309673,    -93.58018862, -150.69568275,   38.2821731 , -152.16173554,   -231.07055678,   23.55289246,  -54.45425405,  -77.40859353,    -41.24464683], [-1372.09595457, -166.43968495, 1202.48628282,  202.02816107,      3.17259495,  333.67557146,   12.90832632,    8.35395812,     51.16349714,  -85.05384879,   45.1842272 ,   38.1791908 ,    -28.48888777], [   52.66601904, -259.05309673,  202.02816107,  433.05212014,    106.74548214,   54.00687772,  -11.12423574,   47.14096532,     53.06603256,  -32.50159782,   -3.96409553,   38.31579636,     22.78759421], [  300.17103419,  -93.58018862,    3.17259495,  106.74548214,    271.63104092,   36.37811503,  -16.39696466,   15.51471789,     73.8020962 ,   22.69925296,    5.67277832,   25.47302161,     30.00898531], [  497.73765935, -150.69568275,  333.67557146,   54.00687772,     36.37811503,  493.20536626,  139.84428547,   99.31193698,    142.23578912,   18.85597812,  109.04976863,   44.72668675,     13.9933037 ], [  331.88178127,   38.2821731 ,   12.90832632,  -11.12423574,    -16.39696466,  139.84428547,  214.97060025,  109.97426758,     49.65667729,   37.92649471,   61.15653657,   28.07972652,     18.33745137], [  660.19058216, -152.16173554,    8.35395812,   47.14096532,     15.51471789,   99.31193698,  109.97426758,  192.70072936,     88.77190447,   14.73886729,   56.76353434,   27.19012833,     18.14193429], [  739.55098776, -231.07055678,   51.16349714,   53.06603256,     73.8020962 ,  142.23578912,   49.65667729,   88.77190447,    191.91503029,   53.99356462,   53.18267265,   33.54480679,     17.96698408], [  372.32984681,   23.55289246,  -85.05384879,  -32.50159782,     22.69925296,   18.85597812,   37.92649471,   14.73886729,     53.99356462,  124.24899964,   39.14745276,    8.60368379,     14.26236302], [  332.4831711 ,  -54.45425405,   45.1842272 ,   -3.96409553,      5.67277832,  109.04976863,   61.15653657,   56.76353434,     53.18267265,   39.14745276,  113.69164121,   40.79388467,      9.89419871], [  177.49599365,  -77.40859353,   38.1791908 ,   38.31579636,     25.47302161,   44.72668675,   28.07972652,   27.19012833,     33.54480679,    8.60368379,   40.79388467,   88.56748479,     33.79712389], [  157.05247652,  -41.24464683,  -28.48888777,   22.78759421,     30.00898531,   13.9933037 ,   18.33745137,   18.14193429,     17.96698408,   14.26236302,    9.89419871,   33.79712389,     83.57666832]]
music/Rock/Rise Against - Prayer of the Refugee.mp3; [-490.074    , 114.19429  , -14.320496 ,  32.115726 ,   2.3922577,    7.4629917,   1.8689231,   3.8191772,  -0.9901992,  -2.5395622,   -2.4397871,  -0.849966 ,  -2.584607 ]; [[ 5900.55281217,-2020.24982389,  496.30773742, -770.513438  ,   -154.5787223 ,   38.55203624,   88.18272241,  175.96343115,     47.23231362,  246.9610578 ,  -63.98051807,   61.47932387,   -105.60621919], [-2020.24982389, 1382.42573693, -385.33113266,  507.38393382,    -14.62239231,   41.21090042,   -8.51447489,  -60.97432686,     28.67853072, -151.39152071,   55.42205721,  -21.93587151,     56.73571184], [  496.30773742, -385.33113266,  570.32470283, -118.81343609,    159.01985796,   21.15804116,   18.76908043,   13.68373262,    -18.9861091 ,   68.35941749,  -25.67744661,   22.22124538,     -2.49773921], [ -770.513438  ,  507.38393382, -118.81343609,  401.20305806,     68.62971363,   75.47885354,  -50.24214102,  -43.83623684,     30.694515  ,  -59.16848446,   37.17383168,  -10.10727531,     29.27623639], [ -154.5787223 ,  -14.62239231,  159.01985796,   68.62971363,    203.03075455,   37.77991291,    0.22639373,  -15.37379506,      1.53640221,   38.54956882,    4.59261658,    5.80669739,      6.18249426], [   38.55203624,   41.21090042,   21.15804116,   75.47885354,     37.77991291,  109.67050146,   29.94402426,   20.80797557,     23.07369642,   -8.35377946,   12.76488963,    4.54180824,     -5.13041002], [   88.18272241,   -8.51447489,   18.76908043,  -50.24214102,      0.22639373,   29.94402426,  135.30624331,   78.88322222,     27.10544208,   22.2940097 ,    5.99384636,   17.7947295 ,      2.07263558], [  175.96343115,  -60.97432686,   13.68373262,  -43.83623684,    -15.37379506,   20.80797557,   78.88322222,   99.64577889,     39.96889872,   22.00631339,    3.27004836,   10.25658307,     -3.77942105], [   47.23231362,   28.67853072,  -18.9861091 ,   30.694515  ,      1.53640221,   23.07369642,   27.10544208,   39.96889872,     74.82845284,   23.32937649,   19.78514505,    7.17417505,      1.35466773], [  246.9610578 , -151.39152071,   68.35941749,  -59.16848446,     38.54956882,   -8.35377946,   22.2940097 ,   22.00631339,     23.32937649,  104.77648776,   24.7065571 ,   22.85524686,      4.67877435], [  -63.98051807,   55.42205721,  -25.67744661,   37.17383168,      4.59261658,   12.76488963,    5.99384636,    3.27004836,     19.78514505,   24.7065571 ,   60.89908408,   29.69122455,     10.07839344], [   61.47932387,  -21.93587151,   22.22124538,  -10.10727531,      5.80669739,    4.54180824,   17.7947295 ,   10.25658307,      7.17417505,   22.85524686,   29.69122455,   63.49527151,     24.53589428], [ -105.60621919,   56.73571184,   -2.49773921,   29.27623639,      6.18249426,   -5.13041002,    2.07263558,   -3.77942105,      1.35466773,    4.67877435,   10.07839344,   24.53589428,     54.56218374]]
music/Rock/Red Hot Chili Peppers - Snow (Hey Oh).mp3; [-515.9685   , 121.75071  ,   5.8468947,  31.46182  ,   4.000934 ,    3.3607905, -12.923846 ,   0.985695 ,  -5.69625  ,  -3.4627736,   -2.8540134,  -4.038768 ,  -1.9223144]; [[ 7747.07980369,-1343.94980237,  284.64349756,  -31.92795311,   -251.0403405 ,  221.14031384, -139.78231638,   45.37002882,    -26.01221462,  110.14615398,   58.63372168, -111.96899201,    -14.97312231], [-1343.94980237, 1418.56432436, -159.64729096,  -17.54608013,     66.97835402,  -16.97639142,  103.29084357,  116.81144604,     52.11311725,  -30.32107398,   -0.63203356,   47.23085796,     19.40925384], [  284.64349756, -159.64729096,  623.56331398,  -18.7820656 ,    112.33305196,  194.91102252,   82.90467926,  111.96859138,    107.54188271,   25.15579931,   18.91238488,   10.32156093,      6.74856754], [  -31.92795311,  -17.54608013,  -18.7820656 ,  338.87168415,     83.19056319,  -21.16768088,  -11.3684228 ,  -25.12674283,     20.16033256,   39.89131299,    2.74765632,   15.82000854,     39.37259346], [ -251.0403405 ,   66.97835402,  112.33305196,   83.19056319,    250.00011315,   85.26430954,   53.71764889,   26.17507296,     25.17167139,   18.90896459,   -0.86474111,  -12.21260132,     -9.24686304], [  221.14031384,  -16.97639142,  194.91102252,  -21.16768088,     85.26430954,  222.60900855,   69.40591408,   82.70888   ,     60.87149884,   26.95772344,   41.4551094 ,    8.8733643 ,     -4.61907121], [ -139.78231638,  103.29084357,   82.90467926,  -11.3684228 ,     53.71764889,   69.40591408,  185.57864813,   89.89436662,     23.96266756,    2.98766287,   17.03460582,    6.59962478,    -11.54371524], [   45.37002882,  116.81144604,  111.96859138,  -25.12674283,     26.17507296,   82.70888   ,   89.89436662,  164.14790668,     50.4111829 ,   16.12129426,   29.13341681,    9.2991154 ,      2.32569792], [  -26.01221462,   52.11311725,  107.54188271,   20.16033256,     25.17167139,   60.87149884,   23.96266756,   50.4111829 ,    141.1040933 ,   41.58767475,    4.47913337,   23.54903462,     17.09853228], [  110.14615398,  -30.32107398,   25.15579931,   39.89131299,     18.90896459,   26.95772344,    2.98766287,   16.12129426,     41.58767475,   99.93009443,   45.17550783,   18.52968857,      6.11729344], [   58.63372168,   -0.63203356,   18.91238488,    2.74765632,     -0.86474111,   41.4551094 ,   17.03460582,   29.13341681,      4.47913337,   45.17550783,  104.13155326,   38.75764408,      9.3847407 ], [ -111.96899201,   47.23085796,   10.32156093,   15.82000854,    -12.21260132,    8.8733643 ,    6.59962478,    9.2991154 ,     23.54903462,   18.52968857,   38.75764408,   90.73462931,     43.59071812], [  -14.97312231,   19.40925384,    6.74856754,   39.37259346,     -9.24686304,   -4.61907121,  -11.54371524,    2.32569792,     17.09853228,    6.11729344,    9.3847407 ,   43.59071812,     90.10129737]]
music/Rock/Radiohead - Creep.mp3; [-635.0405    , 110.50531   ,  19.917202  ,  33.012238  ,  27.887283  ,    9.849707  ,  -4.747587  ,   3.5400991 ,  -0.14200391,   1.2899786 ,   -3.1879838 ,   3.163077  ,   1.4048144 ]; [[21774.06699452,-2599.55250347,-2888.34433101,   -8.70272956,   -472.6476362 ,-1204.41551478, -641.66083098, -409.94334912,   -166.56935606,  -75.22756688,   38.73441467,  221.946666  ,     64.23612009], [-2599.55250347, 1993.12786011,  284.01754816,  -35.99984167,    164.41086592,  156.63115898,   34.10644234,  112.47897444,    -19.79155747,   36.62750175,  -13.71605062,   -6.7730583 ,     18.59383505], [-2888.34433101,  284.01754816, 1330.47352045,  -24.23674445,     13.94613409,  325.43555556,  177.03896197,   70.03023839,      8.460311  ,   79.0029604 ,   62.25925308,  -50.26298657,    -32.467289  ], [   -8.70272956,  -35.99984167,  -24.23674445,  333.47675279,    112.79185471,   70.58848536,   17.79985813,  -14.83454908,     36.51631994,  -23.58982028,  -31.69791449,  -14.60747194,      4.62733241], [ -472.6476362 ,  164.41086592,   13.94613409,  112.79185471,    286.17926926,   93.75422184,   27.61014061,   11.80872642,     55.59360114,  -24.10196838,  -44.97564994,   -7.89337969,     19.34732383], [-1204.41551478,  156.63115898,  325.43555556,   70.58848536,     93.75422184,  264.09542529,   95.97189338,   37.40261616,     40.140456  ,    5.99915653,  -22.69853283,  -25.73228967,     -0.52780471], [ -641.66083098,   34.10644234,  177.03896197,   17.79985813,     27.61014061,   95.97189338,  138.15245602,   47.49074647,     23.73536847,    3.45833266,    6.54846288,  -14.56353502,    -10.2232363 ], [ -409.94334912,  112.47897444,   70.03023839,  -14.83454908,     11.80872642,   37.40261616,   47.49074647,  110.52772659,     39.0186968 ,    6.01606221,  -22.32015751,  -10.79208242,     -4.56602276], [ -166.56935606,  -19.79155747,    8.460311  ,   36.51631994,     55.59360114,   40.140456  ,   23.73536847,   39.0186968 ,    108.8838672 ,    6.05528579,  -23.30657147,  -19.36447892,      1.19933472], [  -75.22756688,   36.62750175,   79.0029604 ,  -23.58982028,    -24.10196838,    5.99915653,    3.45833266,    6.01606221,      6.05528579,   89.27894418,   44.73164261,   -2.26749879,    -13.21986598], [   38.73441467,  -13.71605062,   62.25925308,  -31.69791449,    -44.97564994,  -22.69853283,    6.54846288,  -22.32015751,    -23.30657147,   44.73164261,   97.43751813,   24.60161149,    -12.11217243], [  221.946666  ,   -6.7730583 ,  -50.26298657,  -14.60747194,     -7.89337969,  -25.73228967,  -14.56353502,  -10.79208242,    -19.36447892,   -2.26749879,   24.60161149,   65.41626257,     28.08887523], [   64.23612009,   18.59383505,  -32.467289  ,    4.62733241,     19.34732383,   -0.52780471,  -10.2232363 ,   -4.56602276,      1.19933472,  -13.21986598,  -12.11217243,   28.08887523,     73.49984446]]
music/Rock/Wallows - Scrawny [Explicit].mp3; [-535.0427   , 125.94846  ,  -4.836942 ,  33.454002 ,   7.396437 ,    8.60502  ,   2.9780858,  10.715451 ,   1.3974916,  10.599478 ,    1.372517 ,   4.357088 ,   2.5662932]; [[10274.25942936, -521.21481026,  411.51109547,  775.67576475,    202.83641164,  210.98625901,   20.67878021,  289.96873617,    170.44838962,  113.69797316,   83.18631572,   76.09964135,    -25.63567293], [ -521.21481026, 1269.7281408 , -418.42208289,  165.43422356,     69.04591055,  -31.70437884,  127.04946246,   65.17164993,    -41.65822331,   94.22891878,   -7.24431257,   41.49112893,     76.32264827], [  411.51109547, -418.42208289,  461.5786489 ,  -18.39931979,     28.16446141,    7.7707672 ,  -42.10112467,  -55.22784618,     -1.96158746,  -32.64441667,  -10.90429964,   -6.35196596,      6.74835511], [  775.67576475,  165.43422356,  -18.39931979,  337.22232545,     71.28054873,   41.34356358,   24.65409815,   43.16924994,     18.20219978,   35.03496504,   -0.92977465,   17.19007189,     32.16831262], [  202.83641164,   69.04591055,   28.16446141,   71.28054873,    201.3248862 ,    7.67130957,   12.57609037,    6.98553048,     18.07891574,   45.84568466,   -2.72197762,    9.86839959,     37.97413031], [  210.98625901,  -31.70437884,    7.7707672 ,   41.34356358,      7.67130957,  130.13356697,   30.08886617,   44.37698185,     29.95696647,   -2.76388662,   18.69387836,    2.37915005,    -15.08350255], [   20.67878021,  127.04946246,  -42.10112467,   24.65409815,     12.57609037,   30.08886617,  135.35605004,   44.97551453,     25.99493262,   18.25775181,   21.27989391,   19.85280093,     11.35268261], [  289.96873617,   65.17164993,  -55.22784618,   43.16924994,      6.98553048,   44.37698185,   44.97551453,  151.34683731,     46.49019735,   27.72866614,   17.2055407 ,   15.12264672,      3.13740949], [  170.44838962,  -41.65822331,   -1.96158746,   18.20219978,     18.07891574,   29.95696647,   25.99493262,   46.49019735,     96.6918727 ,   13.23052326,   25.39461029,    2.64799461,     -6.19642346], [  113.69797316,   94.22891878,  -32.64441667,   35.03496504,     45.84568466,   -2.76388662,   18.25775181,   27.72866614,     13.23052326,  102.53846308,   22.29109497,   18.59465013,     17.63562462], [   83.18631572,   -7.24431257,  -10.90429964,   -0.92977465,     -2.72197762,   18.69387836,   21.27989391,   17.2055407 ,     25.39461029,   22.29109497,   77.6294673 ,   22.79882756,     -3.28347203], [   76.09964135,   41.49112893,   -6.35196596,   17.19007189,      9.86839959,    2.37915005,   19.85280093,   15.12264672,      2.64799461,   18.59465013,   22.79882756,   60.33782692,     22.45364156], [  -25.63567293,   76.32264827,    6.74835511,   32.16831262,     37.97413031,  -15.08350255,   11.35268261,    3.13740949,     -6.19642346,   17.63562462,   -3.28347203,   22.45364156,     73.66626332]]
music/Rock/Billy Talent - Cure for the Enemy.mp3; [-517.69934   ,  96.57111   ,   4.81341   ,  37.20912   ,   3.3712108 ,    8.327661  ,   2.4869318 ,   7.6859303 ,  -0.89289176,  -0.87824017,   -2.624622  ,  -4.9736643 ,  -1.918452  ]; [[12009.48890649,-1252.66473308, -699.6855501 , -197.38540892,   -143.75425821,  410.49341067,  242.97803661,  308.9258985 ,    119.02831561,   49.76531123, -128.96360506, -152.53390587,   -118.66991168], [-1252.66473308, 1428.07999306,  -78.53010443,  238.34918475,    -85.17619364,  -84.55931298,  -37.25959566,  -64.91161887,    -32.23692018,  -25.43302232,   49.74108473,    2.19129903,     43.21151408], [ -699.6855501 ,  -78.53010443,  594.27643424,   69.45315569,    174.91650772,   18.64586985,   12.54338134,   15.08697334,     32.18023209,    5.4571946 ,   44.15742676,   46.29194115,     47.13863485], [ -197.38540892,  238.34918475,   69.45315569,  267.11677111,     89.39596454,   17.65924808,  -13.5840259 ,    5.00099361,     19.90284877,   -3.02235779,   17.00948977,   28.674955  ,     32.32578058], [ -143.75425821,  -85.17619364,  174.91650772,   89.39596454,    210.71268837,   29.63588061,    3.59566644,    9.53840719,      9.12290933,   11.20267627,   11.37894571,   17.41774793,     23.3954576 ], [  410.49341067,  -84.55931298,   18.64586985,   17.65924808,     29.63588061,  165.14739933,  100.7442447 ,   41.45231259,     34.05012789,   18.41671407,   13.01637823,   -0.19965257,      4.33010718], [  242.97803661,  -37.25959566,   12.54338134,  -13.5840259 ,      3.59566644,  100.7442447 ,  185.01805348,   70.95552388,     35.53678148,   14.67418806,    7.12788257,  -11.06363855,     -5.22253918], [  308.9258985 ,  -64.91161887,   15.08697334,    5.00099361,      9.53840719,   41.45231259,   70.95552388,  105.37433474,     43.87253422,   16.99565184,   -2.67350713,   -5.34812521,      3.38045798], [  119.02831561,  -32.23692018,   32.18023209,   19.90284877,      9.12290933,   34.05012789,   35.53678148,   43.87253422,    114.64125605,   39.12416788,    8.7640055 ,   13.06013772,      9.37481103], [   49.76531123,  -25.43302232,    5.4571946 ,   -3.02235779,     11.20267627,   18.41671407,   14.67418806,   16.99565184,     39.12416788,   75.28217295,   26.61907714,    7.20563073,      1.59835512], [ -128.96360506,   49.74108473,   44.15742676,   17.00948977,     11.37894571,   13.01637823,    7.12788257,   -2.67350713,      8.7640055 ,   26.61907714,   82.53449783,   42.93206315,     12.31423654], [ -152.53390587,    2.19129903,   46.29194115,   28.674955  ,     17.41774793,   -0.19965257,  -11.06363855,   -5.34812521,     13.06013772,    7.20563073,   42.93206315,   90.03495455,     34.26104871], [ -118.66991168,   43.21151408,   47.13863485,   32.32578058,     23.3954576 ,    4.33010718,   -5.22253918,    3.38045798,      9.37481103,    1.59835512,   12.31423654,   34.26104871,     66.71534561]]
music/World Music/ANNA RF - Tum Hi Ho - (annaRF Ft Naadistan).mp3; [-616.9335   , 164.6751   ,  -2.0570147,  11.936795 , -10.115907 ,    3.8744655,   1.2507764,   2.6964886,   3.7396033,   1.9357353,    3.4767888,   5.002844 ,   3.2160316]; [[15848.42293302, 1149.28590849, 1354.7274628 , 2092.40188008,    333.62196634,  474.058394  ,  282.17577395,  152.85205428,    175.49898869,  132.8986315 ,  207.67425475,  124.38455062,    -94.92677878], [ 1149.28590849, 1656.09102973, -158.68358383,   79.75061339,     -3.64801111,   18.95826734,   -2.04071519,   27.5249417 ,     74.35425549,    5.38286057,   15.69143523,    8.9463338 ,     -2.7375976 ], [ 1354.7274628 , -158.68358383,  617.13847761,  357.64282816,    126.73845027,  137.57605157,   55.68447834,   66.89549423,     28.05858038,   58.21552907,   48.43463596,    5.49773699,    -29.25815748], [ 2092.40188008,   79.75061339,  357.64282816,  763.66624583,    198.99897363,  214.76511261,  127.06919774,   94.7949374 ,     66.20193894,   72.46365364,  112.74989855,   38.33519885,     -7.13745878], [  333.62196634,   -3.64801111,  126.73845027,  198.99897363,    219.84860399,  121.92851786,   70.55388185,   65.1194157 ,     41.83957037,   49.06525457,   46.033689  ,    1.64924486,      7.98086547], [  474.058394  ,   18.95826734,  137.57605157,  214.76511261,    121.92851786,  184.83693745,   94.87784719,   66.69312347,     52.34830033,   52.22558733,   51.06729755,   12.37536511,      6.15868226], [  282.17577395,   -2.04071519,   55.68447834,  127.06919774,     70.55388185,   94.87784719,  129.87770754,   75.61361889,     44.85812092,   38.00560992,   24.99764461,    3.18005997,      3.96423772], [  152.85205428,   27.5249417 ,   66.89549423,   94.7949374 ,     65.1194157 ,   66.69312347,   75.61361889,  140.47916655,     61.38445269,   37.27608687,   24.21600299,    3.18471401,     12.87292001], [  175.49898869,   74.35425549,   28.05858038,   66.20193894,     41.83957037,   52.34830033,   44.85812092,   61.38445269,    120.56825356,   47.79393454,    2.91015926,   -3.26449999,     -7.65552587], [  132.8986315 ,    5.38286057,   58.21552907,   72.46365364,     49.06525457,   52.22558733,   38.00560992,   37.27608687,     47.79393454,   99.66474776,   48.29691373,    0.75711949,      0.98277429], [  207.67425475,   15.69143523,   48.43463596,  112.74989855,     46.033689  ,   51.06729755,   24.99764461,   24.21600299,      2.91015926,   48.29691373,  119.38363394,   39.73549043,      7.40076819], [  124.38455062,    8.9463338 ,    5.49773699,   38.33519885,      1.64924486,   12.37536511,    3.18005997,    3.18471401,     -3.26449999,    0.75711949,   39.73549043,   83.68729442,     34.37680932], [  -94.92677878,   -2.7375976 ,  -29.25815748,   -7.13745878,      7.98086547,    6.15868226,    3.96423772,   12.87292001,     -7.65552587,    0.98277429,    7.40076819,   34.37680932,     96.79160497]]
music/World Music/John Butler - Ocean.mp3; [-622.42145  , 156.94872  ,  -8.118801 ,  15.19942  ,  -0.6751942,    5.758315 , -10.055979 ,  -5.789439 ,  -7.7386937,   2.7048469,   -3.3216555,  -4.1071305,  -3.311444 ]; [[11436.00360616,-3400.92070749, -750.43662286, -400.39868529,   -110.43131227,  -42.18382269, -124.72754154,   52.63225155,    152.11515243,  427.10451916,  117.46071837,   78.04695507,    179.51258038], [-3400.92070749, 1933.69079179,  239.58616975,  260.13248968,    136.38944673,   97.62308046,   83.01568695,   22.29121047,    -13.25445993,  -81.19302044,   13.57112375,   30.80097513,      1.1225058 ], [ -750.43662286,  239.58616975,  701.59788795,  171.46702319,    178.6259656 ,   82.79182302,   89.56741828,   48.58434808,     47.38720075,   12.67770965,   28.61317275,   48.59541965,     36.98395347], [ -400.39868529,  260.13248968,  171.46702319,  327.89613501,    131.46504778,  101.28102716,   52.23538953,   43.20325171,     26.60365441,   11.10425476,   23.11333425,   34.00823866,     45.22168767], [ -110.43131227,  136.38944673,  178.6259656 ,  131.46504778,    218.16822084,   90.91721387,   73.23017088,   49.43274086,     46.60424946,   35.90887939,   33.27929634,   39.1730553 ,     43.22522331], [  -42.18382269,   97.62308046,   82.79182302,  101.28102716,     90.91721387,  156.72220113,   75.40359321,   54.50021953,     33.68639624,   23.6408834 ,   34.01924443,   33.42376485,     21.69088961], [ -124.72754154,   83.01568695,   89.56741828,   52.23538953,     73.23017088,   75.40359321,  139.85293569,   78.72671462,     53.35627455,   27.48248118,   32.71639761,   32.4005763 ,     22.81691504], [   52.63225155,   22.29121047,   48.58434808,   43.20325171,     49.43274086,   54.50021953,   78.72671462,  140.72296059,     74.30903164,   35.10040592,   30.77871301,   29.58100113,     30.70097651], [  152.11515243,  -13.25445993,   47.38720075,   26.60365441,     46.60424946,   33.68639624,   53.35627455,   74.30903164,    130.68408146,   62.36182895,   33.53192438,   25.80707948,     31.43105897], [  427.10451916,  -81.19302044,   12.67770965,   11.10425476,     35.90887939,   23.6408834 ,   27.48248118,   35.10040592,     62.36182895,  117.39980935,   51.47314939,   26.63254916,     27.53287972], [  117.46071837,   13.57112375,   28.61317275,   23.11333425,     33.27929634,   34.01924443,   32.71639761,   30.77871301,     33.53192438,   51.47314939,  104.66957721,   52.02848766,     27.07594882], [   78.04695507,   30.80097513,   48.59541965,   34.00823866,     39.1730553 ,   33.42376485,   32.4005763 ,   29.58100113,     25.80707948,   26.63254916,   52.02848766,  100.75480271,     45.9370088 ], [  179.51258038,    1.1225058 ,   36.98395347,   45.22168767,     43.22522331,   21.69088961,   22.81691504,   30.70097651,     31.43105897,   27.53287972,   27.07594882,   45.9370088 ,    104.29858293]]
music/World Music/Estas Tonne - The Song of the Golden Dragon.mp3; [-737.3779    , 163.47728   ,   8.452319  ,  46.807953  ,  13.557978  ,   12.23603   ,  -2.6208024 , -13.219385  , -11.262506  , -14.341773  ,  -11.673854  ,  -0.9932647 ,   0.73755825]; [[12529.66210866,-1756.91313557,-1977.82783239,  187.88068938,   -720.3927531 ,  214.84470156,  -47.49192577,   40.14630206,     59.09453812,   19.90236131,  -11.20932228,  115.93079158,    -82.28920352], [-1756.91313557, 1976.67816915,  -94.2676187 ,  -17.82650149,    123.78721029, -117.09855255,    7.16540004,  -95.0050603 ,    -55.97347752,  -59.48309513,  -30.22147164,  -51.7912424 ,     27.98493173], [-1977.82783239,  -94.2676187 ,  949.19693926,  -43.71968128,    189.4233786 ,  -19.27094729,   25.06314594,   22.90322882,    -42.48832196,   -9.96254223,    1.85149604,   -6.22067476,     19.54994685], [  187.88068938,  -17.82650149,  -43.71968128,  245.22665674,    -21.14936787,   30.44190495,    9.09554347,   -0.70334243,      9.66966466,   -1.59554808,    3.51623363,    8.9538288 ,      0.33804392], [ -720.3927531 ,  123.78721029,  189.4233786 ,  -21.14936787,    198.45030216,   12.89621416,   17.39374843,   -6.69306745,     -7.92139753,    3.70913601,    4.01868923,  -14.58543189,     12.40542349], [  214.84470156, -117.09855255,  -19.27094729,   30.44190495,     12.89621416,  152.57777415,   15.69790031,    8.01691722,     25.0794568 ,   11.29601017,   13.77777484,   11.46016329,     -1.42665334], [  -47.49192577,    7.16540004,   25.06314594,    9.09554347,     17.39374843,   15.69790031,  112.68409647,   23.75792951,     -6.1178768 ,    7.57552786,   11.89146303,    4.29244954,      3.28156884], [   40.14630206,  -95.0050603 ,   22.90322882,   -0.70334243,     -6.69306745,    8.01691722,   23.75792951,   98.54413557,     19.23154092,    5.45673778,    8.10948925,    8.09001423,     -1.33177095], [   59.09453812,  -55.97347752,  -42.48832196,    9.66966466,     -7.92139753,   25.0794568 ,   -6.1178768 ,   19.23154092,     99.84249876,   20.73663521,   -5.37817874,    5.43755369,     -1.84119172], [   19.90236131,  -59.48309513,   -9.96254223,   -1.59554808,      3.70913601,   11.29601017,    7.57552786,    5.45673778,     20.73663521,   91.41656279,   13.47497205,   -6.51324051,     -3.16619942], [  -11.20932228,  -30.22147164,    1.85149604,    3.51623363,      4.01868923,   13.77777484,   11.89146303,    8.10948925,     -5.37817874,   13.47497205,   83.84167005,   12.25849637,     -9.78257369], [  115.93079158,  -51.7912424 ,   -6.22067476,    8.9538288 ,    -14.58543189,   11.46016329,    4.29244954,    8.09001423,      5.43755369,   -6.51324051,   12.25849637,   76.81977303,     12.210579  ], [  -82.28920352,   27.98493173,   19.54994685,    0.33804392,     12.40542349,   -1.42665334,    3.28156884,   -1.33177095,     -1.84119172,   -3.16619942,   -9.78257369,   12.210579  ,     78.55542093]]
music/World Music/anna RF - Why.mp3; [-648.78156  , 169.96098  ,  -1.1239599,  28.33229  ,   3.3054616,   11.918555 ,   4.1019073,   6.489956 ,  -2.305978 ,  -8.342085 ,   -7.071943 ,  -0.2363546,   3.5573719]; [[10392.40277755, -885.14417247,-1049.21670395,  250.89974388,    -45.39980953,  224.05101609,  175.87086768,  319.44566349,    101.35520713,    4.54279122,    1.3183722 ,  298.53582508,    380.8364678 ], [ -885.14417247, 2116.22197847,  121.80559515,  103.2028435 ,     58.15241439,   51.97533501,   86.37672114,   45.96234115,     52.68993141,  -33.95793146,   11.11349178,  -88.69012338,    -57.55455406], [-1049.21670395,  121.80559515,  700.95529767,  -85.39212527,     73.96004913,   53.39815999,   11.1211701 ,  -26.81551971,     11.2784457 ,   73.46881622,   42.1905366 ,  -53.34129931,   -119.51855946], [  250.89974388,  103.2028435 ,  -85.39212527,  323.66008117,     87.68630925,   70.13405065,   69.60599301,   88.44746325,     35.40422548,   27.99575579,   37.20380792,   73.03156256,     64.41476944], [  -45.39980953,   58.15241439,   73.96004913,   87.68630925,    219.11617767,   83.94901325,   80.23877293,   60.23152269,     59.07772642,   39.08744678,   40.48365529,   50.06542281,     46.25751645], [  224.05101609,   51.97533501,   53.39815999,   70.13405065,     83.94901325,  176.21496013,  104.6876389 ,   55.83218685,     30.97117547,   66.57633018,   45.96674726,   58.15088506,     52.65877195], [  175.87086768,   86.37672114,   11.1211701 ,   69.60599301,     80.23877293,  104.6876389 ,  168.48715142,   76.59760152,     36.86022449,   45.1236015 ,   43.17425775,   52.23696039,     57.5956732 ], [  319.44566349,   45.96234115,  -26.81551971,   88.44746325,     60.23152269,   55.83218685,   76.59760152,  157.34350037,     54.46921776,   21.50442881,   41.42183377,   48.99112482,     36.96529562], [  101.35520713,   52.68993141,   11.2784457 ,   35.40422548,     59.07772642,   30.97117547,   36.86022449,   54.46921776,    154.58537312,   36.13481951,   -2.24155855,   21.02219129,     36.86632679], [    4.54279122,  -33.95793146,   73.46881622,   27.99575579,     39.08744678,   66.57633018,   45.1236015 ,   21.50442881,     36.13481951,  140.53894478,   43.92692512,   22.58791244,     29.66641591], [    1.3183722 ,   11.11349178,   42.1905366 ,   37.20380792,     40.48365529,   45.96674726,   43.17425775,   41.42183377,     -2.24155855,   43.92692512,  124.70067358,   48.42705162,     -9.13450795], [  298.53582508,  -88.69012338,  -53.34129931,   73.03156256,     50.06542281,   58.15088506,   52.23696039,   48.99112482,     21.02219129,   22.58791244,   48.42705162,  158.2297212 ,     92.21207724], [  380.8364678 ,  -57.55455406, -119.51855946,   64.41476944,     46.25751645,   52.65877195,   57.5956732 ,   36.96529562,     36.86632679,   29.66641591,   -9.13450795,   92.21207724,    215.06941328]]
music/World Music/Andrey Vinogradov - Medieval Tune.mp3; [-620.01215  , 185.89557  , -17.8369   ,  27.98918  ,   1.3770026,   -2.3215988,  -2.0483732,  -7.69505  ,   2.0269258,   9.17915  ,    7.062962 ,  11.726944 ,  -3.699064 ]; [[6593.69064468, 756.07789242,-983.73600152,-236.1426116 ,-699.47568029,  -464.80603567,-372.89096557,-424.61002601,-271.17607162,  25.90810171,    36.13543393, -78.36595892,-252.4914183 ], [ 756.07789242, 311.53951536,-132.43717987, -26.87457138,-102.76662019,   -73.12263491, -54.50192018, -60.86072743, -24.89260693,  -6.56114595,    -9.99142201,   1.06246304, -45.61214017], [-983.73600152,-132.43717987, 272.96667493,  32.38496372,  55.86609534,    58.30752649,  53.91973186,  64.0712388 ,  52.35117671, -18.03705854,    11.93786998,  17.05698223,  45.24831224], [-236.1426116 , -26.87457138,  32.38496372, 105.28436779,  46.80120579,    -7.29603113,   5.9032529 ,  39.40533397,  11.61437038,  -9.8383089 ,   -41.58279484,  -5.56407672,  -6.32650049], [-699.47568029,-102.76662019,  55.86609534,  46.80120579, 193.95929774,    86.41823004,  30.44136038,  27.90364649,  14.37242489, -17.71088203,   -35.32480764, -14.29732882,  18.75569524], [-464.80603567, -73.12263491,  58.30752649,  -7.29603113,  86.41823004,   131.07145939,  42.59067037,   4.5125794 ,   8.21246576, -14.42407183,     5.91162978,  -0.49964769,  22.90508534], [-372.89096557, -54.50192018,  53.91973186,   5.9032529 ,  30.44136038,    42.59067037,  89.12601132,  49.09359101,   9.00339535, -13.9539402 ,   -19.54314402,  -0.91264036,  13.47657233], [-424.61002601, -60.86072743,  64.0712388 ,  39.40533397,  27.90364649,     4.5125794 ,  49.09359101, 109.01412657,  41.37724682,  -8.34060228,   -32.55728621,   3.04330763,   9.76061694], [-271.17607162, -24.89260693,  52.35117671,  11.61437038,  14.37242489,     8.21246576,   9.00339535,  41.37724682,  87.3405745 ,  15.56629245,    -4.4109607 ,  -3.24300243,   2.18531702], [  25.90810171,  -6.56114595, -18.03705854,  -9.8383089 , -17.71088203,   -14.42407183, -13.9539402 ,  -8.34060228,  15.56629245,  87.92864987,    43.2796433 ,   0.58632664, -19.06874723], [  36.13543393,  -9.99142201,  11.93786998, -41.58279484, -35.32480764,     5.91162978, -19.54314402, -32.55728621,  -4.4109607 ,  43.2796433 ,   112.39021631,  35.09778492,   2.93722285], [ -78.36595892,   1.06246304,  17.05698223,  -5.56407672, -14.29732882,    -0.49964769,  -0.91264036,   3.04330763,  -3.24300243,   0.58632664,    35.09778492,  75.97405208,  30.88034209], [-252.4914183 , -45.61214017,  45.24831224,  -6.32650049,  18.75569524,    22.90508534,  13.47657233,   9.76061694,   2.18531702, -19.06874723,     2.93722285,  30.88034209,  92.27246117]]
