music/Pop/Anna Burch - 2 Cool 2 Care.mp3; [-580.5292    , 143.63628   ,  -0.14214577,  19.295694  ,   3.9704437 ,    2.752152  ,   5.495646  ,  -1.5296944 ,   8.256534  ,  -0.4771477 ,   -5.983878  ,  -3.8704064 ,  -2.2441506 ]; [[13559.94437413,-1216.42265712, -996.42012926, -378.62631947,   -296.02190861, -289.34614615,  709.17454982,  109.60357149,     -3.82769625,  138.97638582,  -67.67686557, -200.60964798,    101.07521906], [-1216.42265712, 1376.0191831 , -174.94740181,  116.26869767,    107.66498893,  112.96710548,  141.2124522 ,  -14.65307252,    144.62373014,   29.35650258,   57.5494268 ,   37.90499545,     67.22758976], [ -996.42012926, -174.94740181,  899.88016966,   81.97598847,    193.08148718,  122.3115015 ,  -52.71489744,  121.29694477,     62.89226872,   59.19685199,   40.56053609,  127.10507215,    -20.14357616], [ -378.62631947,  116.26869767,   81.97598847,  434.85536338,     39.94190115,  149.61500024,  -74.91045677,  139.92958651,     41.26177933,   66.46749411,   53.69261736,   91.28342522,     53.53905022], [ -296.02190861,  107.66498893,  193.08148718,   39.94190115,    236.77917685,    1.03305372,   33.05847748,   33.2217027 ,     77.91111946,   20.15784999,   23.85148478,   60.67808973,     25.49619057], [ -289.34614615,  112.96710548,  122.3115015 ,  149.61500024,      1.03305372,  332.03765978,   24.19691806,  137.91105116,     -6.0145315 ,  108.73624383,   65.94422225,   29.95817928,     48.57330846], [  709.17454982,  141.2124522 ,  -52.71489744,  -74.91045677,     33.05847748,   24.19691806,  306.60760205,   20.40388243,     70.50924024,   40.51632555,   50.71976655,    4.99633549,     36.98871704], [  109.60357149,  -14.65307252,  121.29694477,  139.92958651,     33.2217027 ,  137.91105116,   20.40388243,  203.92849201,     11.11414206,   82.1565638 ,   38.3365588 ,   52.84251192,     57.71601436], [   -3.82769625,  144.62373014,   62.89226872,   41.26177933,     77.91111946,   -6.0145315 ,   70.50924024,   11.11414206,    187.82456827,   16.750537  ,   21.6115187 ,   19.18171821,     -0.11455398], [  138.97638582,   29.35650258,   59.19685199,   66.46749411,     20.15784999,  108.73624383,   40.51632555,   82.1565638 ,     16.750537  ,  152.37852057,   47.29486722,   28.96760651,     49.69458819], [  -67.67686557,   57.5494268 ,   40.56053609,   53.69261736,     23.85148478,   65.94422225,   50.71976655,   38.3365588 ,     21.6115187 ,   47.29486722,  102.1840962 ,   32.34086829,     27.99285735], [ -200.60964798,   37.90499545,  127.10507215,   91.28342522,     60.67808973,   29.95817928,    4.99633549,   52.84251192,     19.18171821,   28.96760651,   32.34086829,  124.76723781,     36.06773518], [  101.07521906,   67.22758976,  -20.14357616,   53.53905022,     25.49619057,   48.57330846,   36.98871704,   57.71601436,     -0.11455398,   49.69458819,   27.99285735,   36.06773518,    126.13785587]]
music/Pop/Sigrid - Strangers.mp3; [-580.3365   , 122.25808  ,  27.790146 ,  32.037292 ,   9.482435 ,    2.6972797,  10.500559 ,   5.8672743,   3.5148277,   8.839918 ,    1.0203402,   3.9671428,   1.9951233]; [[17095.19080798,-2975.57631459,-2335.94679807,  425.46450782,    545.36903998,  373.68749   ,  331.86151819,  395.08170207,    535.75173671,  390.02113686,  134.85349202,  229.52588635,    265.5474636 ], [-2975.57631459, 2458.1313058 ,  806.95791896,   95.58897045,     66.9548395 ,  101.14175805,  106.33172036,  -49.72814764,    -60.94435636,  -32.74950574,   14.2693372 ,  -17.31519862,    -68.27949921], [-2335.94679807,  806.95791896, 1609.70997837,  162.58817918,    148.02000796,  283.09471929,   39.63787727,   37.42529185,    -71.40504236,  -97.44966253,  101.21685626,   37.09549654,     -3.4578611 ], [  425.46450782,   95.58897045,  162.58817918,  440.26723137,    150.17179891,   67.00940668,   63.52944757,   77.30824354,     52.41646385,   23.90018228,   26.17400996,   32.65686117,     22.28523289], [  545.36903998,   66.9548395 ,  148.02000796,  150.17179891,    289.18965451,  123.95776659,   35.53134659,   74.05238718,     72.22795551,   10.75773194,   45.19091162,   36.06482022,     40.13096351], [  373.68749   ,  101.14175805,  283.09471929,   67.00940668,    123.95776659,  352.39729368,   63.19104414,   62.90721567,     66.21311628,   29.4301231 ,   79.57535833,   25.08219429,     30.63230159], [  331.86151819,  106.33172036,   39.63787727,   63.52944757,     35.53134659,   63.19104414,  209.29564127,   56.84760592,     34.87722428,   30.06506253,   15.00905966,   18.36891066,     -6.59274291], [  395.08170207,  -49.72814764,   37.42529185,   77.30824354,     74.05238718,   62.90721567,   56.84760592,  181.86588503,     77.5131062 ,   19.14050003,   11.88118052,   12.04558321,     32.25691831], [  535.75173671,  -60.94435636,  -71.40504236,   52.41646385,     72.22795551,   66.21311628,   34.87722428,   77.5131062 ,    161.09400436,   54.15818754,   23.51623741,   -3.90325464,     16.83303558], [  390.02113686,  -32.74950574,  -97.44966253,   23.90018228,     10.75773194,   29.4301231 ,   30.06506253,   19.14050003,     54.15818754,  130.7224362 ,   25.13700322,  -21.31747121,     -9.81467615], [  134.85349202,   14.2693372 ,  101.21685626,   26.17400996,     45.19091162,   79.57535833,   15.00905966,   11.88118052,     23.51623741,   25.13700322,   97.16939866,   28.13026353,      7.76827546], [  229.52588635,  -17.31519862,   37.09549654,   32.65686117,     36.06482022,   25.08219429,   18.36891066,   12.04558321,     -3.90325464,  -21.31747121,   28.13026353,   93.99249254,     35.05929654], [  265.5474636 ,  -68.27949921,   -3.4578611 ,   22.28523289,     40.13096351,   30.63230159,   -6.59274291,   32.25691831,     16.83303558,   -9.81467615,    7.76827546,   35.05929654,     93.70749494]]
music/Pop/David Bowie - Life On Mars.mp3; [-611.22864  , 142.64618  , -28.639997 ,  30.333755 ,  -9.228662 ,    9.279992 ,  -3.2233593,   3.9800591,  -4.9709473,   1.4403617,   -4.895496 ,  -1.5215211,  -5.362692 ]; [[13472.28355063,-1235.80415381,-1244.65538526,  186.13873664,   -450.09262401,  196.52831452, -139.8658562 ,  108.67771431,   -254.52219351,   98.25100567, -149.90145023,  -76.79696834,   -209.69711811], [-1235.80415381, 1773.82965376, -284.32779705,  171.18489459,     47.0661225 ,  -29.57539185,   37.85118134,   -2.3402624 ,     35.78417672,  -19.52407599,   56.95684635,   36.01976481,     86.60501294], [-1244.65538526, -284.32779705,  860.38135477,  -38.04377909,    126.83110272,   65.13803271,   23.07623839,   22.18914445,     49.51946413,   -2.67675138,   11.24597421,   36.6835601 ,     23.19592461], [  186.13873664,  171.18489459,  -38.04377909,  277.08185066,     73.37997543,   23.42538759,   25.68336912,    6.72389318,     54.57125338,   21.95129425,   -9.62606776,   15.11987472,     32.77940643], [ -450.09262401,   47.0661225 ,  126.83110272,   73.37997543,    262.50950194,   -6.41758622,   -8.22407759,    0.68613048,     68.29825751,   13.16903291,   -6.93337503,   10.5935478 ,     21.00193675], [  196.52831452,  -29.57539185,   65.13803271,   23.42538759,     -6.41758622,  192.44494771,   81.01845824,   12.37793898,     -5.92563382,    9.94225818,   20.00469278,   23.11132691,     11.85265826], [ -139.8658562 ,   37.85118134,   23.07623839,   25.68336912,     -8.22407759,   81.01845824,  217.78582764,   35.25761668,      7.93898416,   22.32887556,   10.25096011,   18.05267852,     26.64484066], [  108.67771431,   -2.3402624 ,   22.18914445,    6.72389318,      0.68613048,   12.37793898,   35.25761668,  119.82785898,     18.78155553,    0.52176559,    2.89462861,    1.18130865,     12.82110116], [ -254.52219351,   35.78417672,   49.51946413,   54.57125338,     68.29825751,   -5.92563382,    7.93898416,   18.78155553,    128.18135224,   37.46175235,   -5.8061829 ,    5.1551541 ,     17.27625945], [   98.25100567,  -19.52407599,   -2.67675138,   21.95129425,     13.16903291,    9.94225818,   22.32887556,    0.52176559,     37.46175235,  118.06847315,   29.86330643,    0.09993327,      1.04230744], [ -149.90145023,   56.95684635,   11.24597421,   -9.62606776,     -6.93337503,   20.00469278,   10.25096011,    2.89462861,     -5.8061829 ,   29.86330643,   91.72954449,   27.02550728,      1.49274126], [  -76.79696834,   36.01976481,   36.6835601 ,   15.11987472,     10.5935478 ,   23.11132691,   18.05267852,    1.18130865,      5.1551541 ,    0.09993327,   27.02550728,   92.60933495,     30.17606085], [ -209.69711811,   86.60501294,   23.19592461,   32.77940643,     21.00193675,   11.85265826,   26.64484066,   12.82110116,     17.27625945,    1.04230744,    1.49274126,   30.17606085,     91.09230573]]
music/Pop/Michael Jackson - They Don't Care About Us.mp3; [-619.57745   ,  99.12145   , -21.663322  ,  16.52964   ,   2.6359024 ,    1.3172961 ,   2.1068802 ,   7.935382  ,  -0.20104541,   6.202071  ,   -0.41670203,   1.601745  ,  -0.6830312 ]; [[18812.32401797,   59.83008665, -638.29229478, -224.60801472,   -510.55023853,  -94.38673933, -466.25802046, -251.51657118,   -485.94906086, -226.00582553, -225.87080371, -202.96906397,   -150.23392145], [   59.83008665, 1300.02284618, -108.60917553,  332.52956324,    -32.79699627,  101.21477738,   51.20959944,  -40.12601901,      5.21357836,  -33.71003353,   -6.02991678,  -35.49909944,    -22.65383807], [ -638.29229478, -108.60917553, 1234.50367517,   60.73068121,    179.49980461,    0.21717087,  -63.52727841,   -3.86380588,    -45.21846134,  -24.9444125 ,    2.30298767,   22.54501401,      4.61611193], [ -224.60801472,  332.52956324,   60.73068121,  592.46362923,     93.41352117,  109.27752749,   73.37949032,   49.21501691,    104.48568614,    5.0267803 ,  -12.08598282,   33.50868423,     27.01415548], [ -510.55023853,  -32.79699627,  179.49980461,   93.41352117,    299.77764284,   58.18628037,   53.51959963,   89.03622116,     61.18012067,   36.32877384,   33.61790636,   32.87837606,     33.17174998], [  -94.38673933,  101.21477738,    0.21717087,  109.27752749,     58.18628037,  257.46043311,  116.94849039,   57.4071042 ,     82.14776365,   40.48466961,   39.9455344 ,   11.08554265,     -0.81650121], [ -466.25802046,   51.20959944,  -63.52727841,   73.37949032,     53.51959963,  116.94849039,  211.38379993,   83.22859504,     73.22247448,   42.81433592,   32.51632189,   18.79898364,     -2.28797284], [ -251.51657118,  -40.12601901,   -3.86380588,   49.21501691,     89.03622116,   57.4071042 ,   83.22859504,  194.76362312,     79.77076018,   68.07993276,   47.73840801,   29.17036419,     15.33393635], [ -485.94906086,    5.21357836,  -45.21846134,  104.48568614,     61.18012067,   82.14776365,   73.22247448,   79.77076018,    195.60196431,   73.41813736,   35.12805545,   33.30887212,      9.34986783], [ -226.00582553,  -33.71003353,  -24.9444125 ,    5.0267803 ,     36.32877384,   40.48466961,   42.81433592,   68.07993276,     73.41813736,  123.23459345,   54.87593069,   29.10711004,     10.8506561 ], [ -225.87080371,   -6.02991678,    2.30298767,  -12.08598282,     33.61790636,   39.9455344 ,   32.51632189,   47.73840801,     35.12805545,   54.87593069,  107.56729383,   39.33975926,     17.23615669], [ -202.96906397,  -35.49909944,   22.54501401,   33.50868423,     32.87837606,   11.08554265,   18.79898364,   29.17036419,     33.30887212,   29.10711004,   39.33975926,   90.44872363,     39.58778595], [ -150.23392145,  -22.65383807,    4.61611193,   27.01415548,     33.17174998,   -0.81650121,   -2.28797284,   15.33393635,      9.34986783,   10.8506561 ,   17.23615669,   39.58778595,     84.56908304]]
music/Pop/Aliotta Haynes Jeremiah - Lake Shore Drive.mp3; [-550.94824   , 125.85193   ,   3.704709  ,  23.428286  ,  -2.5457604 ,    8.880935  ,  -0.7763799 ,   3.362801  ,   2.0959432 ,  -0.35223445,    1.7036577 ,  -2.2110138 ,  -1.3488319 ]; [[10135.74301557,  935.56981963, -180.16472431,  -83.77790709,   -186.49107657,  -12.1630875 , -225.71451374,  -26.38552773,    -47.24888934,   -9.78614075,  -24.07309185,  -76.63175795,   -103.13577016], [  935.56981963,  727.60013504, -215.43940047,   -7.2088637 ,    -74.58350514,  -17.78321945,   -6.49393639,   10.49471942,      4.13101278,   10.70466363,   26.68252146,   16.10447573,     -5.8282365 ], [ -180.16472431, -215.43940047,  306.35233717,   31.86057895,     68.29392295,   23.90917225,   22.20688353,    9.13770566,      7.17454143,  -19.24411897,   -8.49356352,    8.13833535,      8.8372199 ], [  -83.77790709,   -7.2088637 ,   31.86057895,  203.84868437,     42.6257533 ,   14.53528078,   -1.53797281,  -18.82742134,     -2.80570062,  -25.79793659,    0.08461075,    7.39381775,     40.2077262 ], [ -186.49107657,  -74.58350514,   68.29392295,   42.6257533 ,    190.56369455,   -4.62120446,  -21.035065  ,  -19.93534154,      3.63022309,    4.85110742,    4.27596506,   26.94400508,     27.71998117], [  -12.1630875 ,  -17.78321945,   23.90917225,   14.53528078,     -4.62120446,  106.79064278,   43.07679693,   22.02815444,      7.31082801,    7.44869139,    7.6518111 ,    3.95547565,     -1.17595267], [ -225.71451374,   -6.49393639,   22.20688353,   -1.53797281,    -21.035065  ,   43.07679693,  121.85960483,   42.69940281,      9.61233343,    0.10561092,   10.18179476,    4.98988058,      8.99112757], [  -26.38552773,   10.49471942,    9.13770566,  -18.82742134,    -19.93534154,   22.02815444,   42.69940281,   84.02465705,     26.13867196,    8.94197007,   -7.28359072,   -8.14706557,      4.90018718], [  -47.24888934,    4.13101278,    7.17454143,   -2.80570062,      3.63022309,    7.31082801,    9.61233343,   26.13867196,     76.19607642,   28.20309596,    2.10685054,   -4.62236696,     -7.87486987], [   -9.78614075,   10.70466363,  -19.24411897,  -25.79793659,      4.85110742,    7.44869139,    0.10561092,    8.94197007,     28.20309596,   88.34151703,   33.50792752,    7.31848544,     -9.43379606], [  -24.07309185,   26.68252146,   -8.49356352,    0.08461075,      4.27596506,    7.6518111 ,   10.18179476,   -7.28359072,      2.10685054,   33.50792752,   70.9933579 ,   28.86489824,      0.42199433], [  -76.63175795,   16.10447573,    8.13833535,    7.39381775,     26.94400508,    3.95547565,    4.98988058,   -8.14706557,     -4.62236696,    7.31848544,   28.86489824,   75.51302149,     30.71877118], [ -103.13577016,   -5.8282365 ,    8.8372199 ,   40.2077262 ,     27.71998117,   -1.17595267,    8.99112757,    4.90018718,     -7.87486987,   -9.43379606,    0.42199433,   30.71877118,     79.96999089]]
music/Pop/Fools Garden - Lemon Tree.mp3; [-625.48535   , 151.68669   ,  10.316055  ,   4.4790583 ,  -1.7055068 ,   -2.216839  ,  -3.1108797 ,  -3.4784577 ,  -2.0677228 ,   0.5141118 ,   -1.3655571 ,  -0.40858436,  -8.987428  ]; [[14318.47012856,-1749.30373123, -907.54147139, -360.90685209,   -275.51174082,  292.02820913,  150.98218518,  144.81020124,    228.18938733,  188.21736695,   78.54290699,  324.2265587 ,   -166.62852109], [-1749.30373123, 2277.71331777,  -36.33588141,  153.9190927 ,     90.516261  ,  -45.17731494,  116.3076315 ,  -40.83829966,    -50.43569261,  -31.42612583,   37.71427198,  -26.53840654,      7.4674372 ], [ -907.54147139,  -36.33588141,  952.63913772,  227.4011568 ,    218.45698556,   83.17851817,   63.6489831 ,  103.57920221,      3.15422132,   87.5254335 ,    2.74145355,   21.76525902,    116.0881548 ], [ -360.90685209,  153.9190927 ,  227.4011568 ,  474.23082793,    186.01940709,   18.71886001,   12.92588406,   61.53661792,     46.19280649,   52.82428977,  -20.20471777,   34.03419601,     67.5059489 ], [ -275.51174082,   90.516261  ,  218.45698556,  186.01940709,    306.16203731,   63.62086959,   38.37156337,   62.92664863,     50.82928386,   49.71462634,   24.86274068,    6.07125558,     43.03759097], [  292.02820913,  -45.17731494,   83.17851817,   18.71886001,     63.62086959,  220.53968017,  109.73765316,   65.54944077,     33.15765581,   36.77273413,   65.69886199,   17.94463791,      6.6569907 ], [  150.98218518,  116.3076315 ,   63.6489831 ,   12.92588406,     38.37156337,  109.73765316,  254.13639113,   85.54486764,     24.29890441,   27.16584323,   54.95364771,   41.39047272,     17.18112338], [  144.81020124,  -40.83829966,  103.57920221,   61.53661792,     62.92664863,   65.54944077,   85.54486764,  166.31872503,     49.24213988,   36.59726659,   25.35422745,   24.07725644,     36.75672702], [  228.18938733,  -50.43569261,    3.15422132,   46.19280649,     50.82928386,   33.15765581,   24.29890441,   49.24213988,    138.66793557,   32.74803279,   25.31661265,   25.21718544,      0.34321585], [  188.21736695,  -31.42612583,   87.5254335 ,   52.82428977,     49.71462634,   36.77273413,   27.16584323,   36.59726659,     32.74803279,  124.48571168,   29.78374574,   32.9614357 ,     11.57124253], [   78.54290699,   37.71427198,    2.74145355,  -20.20471777,     24.86274068,   65.69886199,   54.95364771,   25.35422745,     25.31661265,   29.78374574,  125.91318148,   16.48775606,    -10.5374283 ], [  324.2265587 ,  -26.53840654,   21.76525902,   34.03419601,      6.07125558,   17.94463791,   41.39047272,   24.07725644,     25.21718544,   32.9614357 ,   16.48775606,  113.99753932,     14.42367392], [ -166.62852109,    7.4674372 ,  116.0881548 ,   67.5059489 ,     43.03759097,    6.6569907 ,   17.18112338,   36.75672702,      0.34321585,   11.57124253,  -10.5374283 ,   14.42367392,    114.5085496 ]]
music/Pop/Camila Cabello - Havana.mp3; [-577.84485   , 140.60345   ,   6.126174  ,   6.3815513 ,  -7.162288  ,    0.952602  ,   8.659771  ,  -7.9619417 ,   2.7645464 ,   1.7619025 ,   -1.5360041 ,  -0.2175781 ,   0.43229342]; [[13755.9617838 ,-1032.49363722,  286.94837692,  879.49607028,    133.60582884,  180.95210328,  489.11008361,   70.06550797,    305.70985432,  271.50144206,  186.9438533 ,  190.72786363,    169.57627301], [-1032.49363722, 2832.95117869, -114.15891738,  133.41155991,    143.96383499,   93.98773516,  222.76612709,   91.06675112,    109.84823559,   59.83907035,   61.36235179,   13.8888505 ,     43.44817784], [  286.94837692, -114.15891738,  890.55001134,   71.92494501,    185.7831073 ,  167.93539527,   63.95159814,  182.49342295,     93.22913735,  100.43676136,   77.37193931,  105.60408094,     97.92502289], [  879.49607028,  133.41155991,   71.92494501,  620.86841747,    217.01828621,  126.89634085,  160.05150078,  143.90984179,    172.87046173,  117.08351198,   80.9151877 ,  111.9937928 ,     81.28014115], [  133.60582884,  143.96383499,  185.7831073 ,  217.01828621,    432.81883406,  139.42100812,  100.79524355,  193.70568767,    141.86388847,  128.45208699,   77.22909522,   82.32397499,     72.8447847 ], [  180.95210328,   93.98773516,  167.93539527,  126.89634085,    139.42100812,  345.26183963,  116.35478787,  137.7777755 ,    106.1939503 ,  100.10941813,  111.50209116,   40.20407902,     57.88485334], [  489.11008361,  222.76612709,   63.95159814,  160.05150078,    100.79524355,  116.35478787,  454.78807436,   13.63433254,    131.06621365,  121.12314175,   91.56488422,   65.53694126,     48.55411737], [   70.06550797,   91.06675112,  182.49342295,  143.90984179,    193.70568767,  137.7777755 ,   13.63433254,  342.55578112,     68.30457361,   58.13467384,   95.94935391,   90.08127458,     86.65000715], [  305.70985432,  109.84823559,   93.22913735,  172.87046173,    141.86388847,  106.1939503 ,  131.06621365,   68.30457361,    221.64405817,   82.90661286,   70.72944982,   47.43281672,     43.26063527], [  271.50144206,   59.83907035,  100.43676136,  117.08351198,    128.45208699,  100.10941813,  121.12314175,   58.13467384,     82.90661286,  197.49336901,   50.66002206,   54.77168772,     43.72150949], [  186.9438533 ,   61.36235179,   77.37193931,   80.9151877 ,     77.22909522,  111.50209116,   91.56488422,   95.94935391,     70.72944982,   50.66002206,  182.31532701,   53.35828611,     34.18818683], [  190.72786363,   13.8888505 ,  105.60408094,  111.9937928 ,     82.32397499,   40.20407902,   65.53694126,   90.08127458,     47.43281672,   54.77168772,   53.35828611,  144.6741586 ,     55.24834291], [  169.57627301,   43.44817784,   97.92502289,   81.28014115,     72.8447847 ,   57.88485334,   48.55411737,   86.65000715,     43.26063527,   43.72150949,   34.18818683,   55.24834291,    130.61609268]]
music/Electronic/Martin Garrix - Animals (Original Mix).mp3; [-598.20123  , 112.25937  ,  21.669018 ,  11.309427 ,   5.50903  ,   13.630403 ,  12.539179 ,  11.323791 ,   8.8362465,   4.5978036,   -0.6325895,   1.094012 ,  -2.0401418]; [[12300.64924902,-1854.76037431,  479.36010892,  970.7484093 ,    559.66512281,  398.2103814 ,  -48.60310404,   -9.41916586,   -172.72299348,  -67.74117426,   85.03904057,  221.63379204,    447.39371729], [-1854.76037431, 2141.54816593, -118.81303319,  158.37470453,    127.4401322 ,   37.72717685,  147.55234604,  134.934003  ,    101.49511229,   15.33130931,   43.30071191,   14.93172993,     60.59309017], [  479.36010892, -118.81303319, 1834.27451893,  449.05191023,    268.73919502,  198.00744765,  182.35670543,   82.76372313,    191.70097081,  174.57754878,   99.49474814,  174.02568908,     58.16848745], [  970.7484093 ,  158.37470453,  449.05191023,  618.1570448 ,    257.73130842,  210.80243806,   83.56795325,   67.05525651,      3.81829528,   -2.28788355,   44.25884794,   70.64988431,    136.64031243], [  559.66512281,  127.4401322 ,  268.73919502,  257.73130842,    346.82995301,  207.70671467,  157.74831728,  102.1638834 ,     46.25091005,   38.66903558,   54.06609106,   84.62245848,    105.35213712], [  398.2103814 ,   37.72717685,  198.00744765,  210.80243806,    207.70671467,  355.84276279,  246.16219705,  184.01851851,     57.41708489,   27.17884965,   37.63190681,   86.2892728 ,    106.74691678], [  -48.60310404,  147.55234604,  182.35670543,   83.56795325,    157.74831728,  246.16219705,  312.78659848,  220.82626224,    101.07543322,   55.94928704,   38.42570215,   81.37396071,     73.3912033 ], [   -9.41916586,  134.934003  ,   82.76372313,   67.05525651,    102.1638834 ,  184.01851851,  220.82626224,  270.97628858,    149.25932202,   96.24413811,   43.035091  ,   67.46314492,     58.59904789], [ -172.72299348,  101.49511229,  191.70097081,    3.81829528,     46.25091005,   57.41708489,  101.07543322,  149.25932202,    218.88684973,  159.83399752,   67.43164418,   60.58949484,      6.60084886], [  -67.74117426,   15.33130931,  174.57754878,   -2.28788355,     38.66903558,   27.17884965,   55.94928704,   96.24413811,    159.83399752,  182.04500709,   79.81968002,   70.56960906,      1.22071038], [   85.03904057,   43.30071191,   99.49474814,   44.25884794,     54.06609106,   37.63190681,   38.42570215,   43.035091  ,     67.43164418,   79.81968002,   87.68643604,   63.59589261,     34.62443478], [  221.63379204,   14.93172993,  174.02568908,   70.64988431,     84.62245848,   86.2892728 ,   81.37396071,   67.46314492,     60.58949484,   70.56960906,   63.59589261,  111.4792171 ,     72.27202076], [  447.39371729,   60.59309017,   58.16848745,  136.64031243,    105.35213712,  106.74691678,   73.3912033 ,   58.59904789,      6.60084886,    1.22071038,   34.62443478,   72.27202076,    136.67057805]]
music/Electronic/Caravan Palace - Lone Digger.mp3; [-594.1802    , 143.62148   , -14.996877  ,   0.1449982 , -13.632609  ,   -6.215613  ,  -6.934044  ,  -2.1100252 ,  -2.3090343 ,   0.0639511 ,   -1.6814058 ,   0.31504375,  -1.6990463 ]; [[20734.20286719,-3182.16139666, -588.74100458,  924.34772047,    155.61003314,  780.8867686 ,  732.99612305,  565.79203674,    165.4618013 ,  486.23798969,  350.96270604,  496.6334424 ,    527.50416429], [-3182.16139666, 4929.00159997, -262.38730018,   26.81026097,    325.73561926,  -59.4580558 , -119.07809335, -141.79795407,     45.30450213, -131.90161302, -133.1540943 , -230.56551471,   -239.47948941], [ -588.74100458, -262.38730018, 1443.44933139,  236.92677854,    354.97126882,  261.37872991,   81.07470527,  161.64684   ,    109.96897483,   95.3081764 ,   63.78745465,   22.89499278,     27.1928414 ], [  924.34772047,   26.81026097,  236.92677854,  788.59158953,    261.50081986,  215.64749491,  155.67002772,  118.62533722,    135.52965398,   92.702382  ,   38.81270803,   50.29239317,     56.07790241], [  155.61003314,  325.73561926,  354.97126882,  261.50081986,    589.95088017,  227.39950024,  135.54884359,  160.153269  ,    112.89457898,  102.43588855,   20.24432689,    0.40749797,     23.61364945], [  780.8867686 ,  -59.4580558 ,  261.37872991,  215.64749491,    227.39950024,  418.6047851 ,  200.79250205,  134.97069359,     95.12986391,   99.76263396,   76.15648954,   40.89838692,     52.69496663], [  732.99612305, -119.07809335,   81.07470527,  155.67002772,    135.54884359,  200.79250205,  281.73870924,  143.15999335,     66.42800809,   90.1618371 ,   62.46863024,   39.33665033,     49.73696935], [  565.79203674, -141.79795407,  161.64684   ,  118.62533722,    160.153269  ,  134.97069359,  143.15999335,  227.28141515,    117.36125134,   88.84812032,   60.45853677,   42.76945668,     42.30922945], [  165.4618013 ,   45.30450213,  109.96897483,  135.52965398,    112.89457898,   95.12986391,   66.42800809,  117.36125134,    167.08536776,   97.44580401,   50.00464828,   27.38342409,     25.50511747], [  486.23798969, -131.90161302,   95.3081764 ,   92.702382  ,    102.43588855,   99.76263396,   90.1618371 ,   88.84812032,     97.44580401,  179.11572591,   92.70420529,   42.60984593,     43.14792704], [  350.96270604, -133.1540943 ,   63.78745465,   38.81270803,     20.24432689,   76.15648954,   62.46863024,   60.45853677,     50.00464828,   92.70420529,  157.10382649,  100.30941489,     55.06109792], [  496.6334424 , -230.56551471,   22.89499278,   50.29239317,      0.40749797,   40.89838692,   39.33665033,   42.76945668,     27.38342409,   42.60984593,  100.30941489,  153.01956262,     94.72116869], [  527.50416429, -239.47948941,   27.1928414 ,   56.07790241,     23.61364945,   52.69496663,   49.73696935,   42.30922945,     25.50511747,   43.14792704,   55.06109792,   94.72116869,    143.19352662]]
music/Electronic/The XX - Intro.mp3; [-694.908     , 222.60422   ,  -0.23813705,   8.281879  ,   2.025215  ,    8.60609   ,  13.083224  ,   3.4068253 ,  -1.8716677 ,  -2.5141582 ,   -8.368655  ,  -1.1213114 ,  -0.17278369]; [[17555.27273377,   70.12888255, -246.57780997,  439.07113387,    253.90120138, 1239.36528475,   28.22046051,  205.51434767,    316.73794187,  122.73203347, -201.25682827, -111.22962509,    -54.39355101], [   70.12888255, 4351.15094003, -407.14548738,  -81.13550181,     64.19796765, -208.56259283,  358.88300822,  -10.55069372,    -65.5560682 ,  -56.63145236, -102.83407271,   74.12902866,     67.89640527], [ -246.57780997, -407.14548738,  736.11936267,  168.61298233,     18.41506142,   90.03700616,   81.93435761,  154.20191087,    -52.88277026,   50.20331281,  138.13755037,  -28.41756124,     -2.46049402], [  439.07113387,  -81.13550181,  168.61298233,  226.08313478,     70.94225372,  122.63530576,   52.54437236,   50.72545534,     19.65358873,   24.26033715,   55.87402692,   -5.5048595 ,     -8.46025729], [  253.90120138,   64.19796765,   18.41506142,   70.94225372,    126.37458565,   96.81692166,   24.04048729,   21.43811112,     13.17151688,   21.41921973,   23.16930913,   -0.83801572,      0.47862819], [ 1239.36528475, -208.56259283,   90.03700616,  122.63530576,     96.81692166,  325.03116426,   60.60433916,   64.61920313,     79.8630988 ,   47.18867706,   25.35513205,   10.60516781,      5.97062794], [   28.22046051,  358.88300822,   81.93435761,   52.54437236,     24.04048729,   60.60433916,  168.10936013,   54.24978953,     -6.95097219,   20.18471612,   46.54777437,   22.27894066,      7.59348581], [  205.51434767,  -10.55069372,  154.20191087,   50.72545534,     21.43811112,   64.61920313,   54.24978953,  129.07125163,     27.53391351,   24.92339206,   59.27531029,    1.89966743,      2.8639308 ], [  316.73794187,  -65.5560682 ,  -52.88277026,   19.65358873,     13.17151688,   79.8630988 ,   -6.95097219,   27.53391351,    114.83432102,   39.34237791,  -28.11784732,   12.43346621,     17.93582527], [  122.73203347,  -56.63145236,   50.20331281,   24.26033715,     21.41921973,   47.18867706,   20.18471612,   24.92339206,     39.34237791,   65.16656296,   29.09637267,    1.32479942,      7.02921083], [ -201.25682827, -102.83407271,  138.13755037,   55.87402692,     23.16930913,   25.35513205,   46.54777437,   59.27531029,    -28.11784732,   29.09637267,  129.78825538,   14.15322637,    -15.65292354], [ -111.22962509,   74.12902866,  -28.41756124,   -5.5048595 ,     -0.83801572,   10.60516781,   22.27894066,    1.89966743,     12.43346621,    1.32479942,   14.15322637,   62.53883896,     24.87726466], [  -54.39355101,   67.89640527,   -2.46049402,   -8.46025729,      0.47862819,    5.97062794,    7.59348581,    2.8639308 ,     17.93582527,    7.02921083,  -15.65292354,   24.87726466,     53.75782748]]
music/Electronic/Marshmello & Anne-Marie - Friends.mp3; [-511.60834  ,  76.20587  ,  -2.819687 ,   2.4700804,   1.4544426,  -11.386899 ,   1.5787882,  -9.480005 , -11.590142 ,  -2.6344144,  -12.652691 ,  -4.710116 ,  -7.360771 ]; [[6356.48450648,-240.3618126 , 313.84872737, 613.52306471, 764.64822945,   540.32866307, 248.13019977, 736.59570513, 565.73672672, 365.20203393,   392.46956813, 175.30651236, 276.81576709], [-240.3618126 ,2164.08095642, 478.17956403, 486.01214806, 449.20518812,   295.21278052, 363.04621239,  74.84485542,  90.63677912, 138.60637329,    28.42326541,  51.82349283, -42.31949992], [ 313.84872737, 478.17956403,1223.62138166, 563.36189459, 418.67455779,   256.91775994,  52.71101722, 206.31936281, 148.40883422,  12.80376748,   144.71561608,  50.38768591,  34.16562744], [ 613.52306471, 486.01214806, 563.36189459, 870.42936161, 494.76741317,   204.99163606, 120.51095774, 218.91876731, 247.38765845,  50.80629347,   136.17988308,  92.41970982,  37.43854067], [ 764.64822945, 449.20518812, 418.67455779, 494.76741317, 654.04533623,   318.42192635, 194.7014642 , 266.27912601, 239.48080161, 142.65156222,   129.89382546,  65.7518547 ,  68.99874687], [ 540.32866307, 295.21278052, 256.91775994, 204.99163606, 318.42192635,   556.54472013, 202.26405683, 217.73690384, 165.05934566, 114.01443938,    99.28332931,   8.52032086,  64.43965848], [ 248.13019977, 363.04621239,  52.71101722, 120.51095774, 194.7014642 ,   202.26405683, 421.06680402, 138.31131132,  90.0244063 , 147.42418039,    58.69668659,  64.52220439,  15.65511572], [ 736.59570513,  74.84485542, 206.31936281, 218.91876731, 266.27912601,   217.73690384, 138.31131132, 369.49000087, 213.95934959, 122.88938145,   142.0830084 ,  66.64709197, 102.70237657], [ 565.73672672,  90.63677912, 148.40883422, 247.38765845, 239.48080161,   165.05934566,  90.0244063 , 213.95934959, 297.24280181, 124.19658986,   127.9384074 ,  73.60615633,  89.92800453], [ 365.20203393, 138.60637329,  12.80376748,  50.80629347, 142.65156222,   114.01443938, 147.42418039, 122.88938145, 124.19658986, 218.7137596 ,    97.6849137 ,  52.93178952,  65.03168719], [ 392.46956813,  28.42326541, 144.71561608, 136.17988308, 129.89382546,    99.28332931,  58.69668659, 142.0830084 , 127.9384074 ,  97.6849137 ,   196.58203067,  84.86845305,  76.62443901], [ 175.30651236,  51.82349283,  50.38768591,  92.41970982,  65.7518547 ,     8.52032086,  64.52220439,  66.64709197,  73.60615633,  52.93178952,    84.86845305, 150.57832141,  66.57239065], [ 276.81576709, -42.31949992,  34.16562744,  37.43854067,  68.99874687,    64.43965848,  15.65511572, 102.70237657,  89.92800453,  65.03168719,    76.62443901,  66.57239065, 154.88852859]]
music/Electronic/Miike Snow - Genghis Khan.mp3; [-526.8072    , 118.00525   ,  30.75502   ,  26.705172  ,  10.738982  ,   13.392373  ,   1.5363337 ,   8.286197  ,   2.5720725 ,   3.5041716 ,    0.20769465,   0.8205654 ,   6.4166565 ]; [[11726.16626692,   68.74707442,  683.45819935,  621.87167396,   -233.02683129,   72.61903276,  -60.61867028,   74.34172631,    -60.43743472, -142.99493515, -174.19646155,   33.532888  ,     35.68428521], [   68.74707442, 1694.93918226, -166.12948907, -147.26385962,     53.59521825,   16.96172429,   80.11725448,   18.88166271,     14.5117116 ,  -14.01770362,   23.71488854,  -43.13241141,     64.42636587], [  683.45819935, -166.12948907,  649.89497467,  136.83272902,    -27.813791  ,   73.30318582,   23.61123255,   70.72304682,    -16.08500204,  -48.4511515 ,  -24.37527   ,   26.76164281,     23.37832856], [  621.87167396, -147.26385962,  136.83272902,  370.3537866 ,     61.44732258,  -43.13105466,   13.47475572,   -1.77751616,     17.50419115,  -14.36217595,  -35.78112448,   38.39573302,     30.98736699], [ -233.02683129,   53.59521825,  -27.813791  ,   61.44732258,    197.48283795,   25.03928577,    6.05404317,   11.93329759,     30.73788479,   26.42934335,   13.49205621,   15.22009026,     -5.76016407], [   72.61903276,   16.96172429,   73.30318582,  -43.13105466,     25.03928577,  149.26385931,   39.81556672,   34.23550828,     21.14648701,   29.39626243,   28.99800738,   -0.37936916,    -11.7947279 ], [  -60.61867028,   80.11725448,   23.61123255,   13.47475572,      6.05404317,   39.81556672,  159.17691012,   40.31712116,     -8.38765358,   23.55262937,   27.26531491,    8.05181958,     30.6104339 ], [   74.34172631,   18.88166271,   70.72304682,   -1.77751616,     11.93329759,   34.23550828,   40.31712116,   92.33771618,     23.65958144,    4.85215971,    7.88100785,    0.43175504,     -3.79464289], [  -60.43743472,   14.5117116 ,  -16.08500204,   17.50419115,     30.73788479,   21.14648701,   -8.38765358,   23.65958144,    110.64185486,   44.44670548,    9.81234133,   -1.47759367,      0.16036494], [ -142.99493515,  -14.01770362,  -48.4511515 ,  -14.36217595,     26.42934335,   29.39626243,   23.55262937,    4.85215971,     44.44670548,  103.6602597 ,   42.17116359,   -0.00753926,      5.97508702], [ -174.19646155,   23.71488854,  -24.37527   ,  -35.78112448,     13.49205621,   28.99800738,   27.26531491,    7.88100785,      9.81234133,   42.17116359,   83.61275312,   12.67659181,     -8.10592982], [   33.532888  ,  -43.13241141,   26.76164281,   38.39573302,     15.22009026,   -0.37936916,    8.05181958,    0.43175504,     -1.47759367,   -0.00753926,   12.67659181,   64.30175843,     22.27615432], [   35.68428521,   64.42636587,   23.37832856,   30.98736699,     -5.76016407,  -11.7947279 ,   30.6104339 ,   -3.79464289,      0.16036494,    5.97508702,   -8.10592982,   22.27615432,    102.08105305]]
music/Electronic/Alan Walker - Faded.mp3; [-568.2721    , 124.05154   ,   7.6311183 ,   8.969504  ,   3.4134867 ,    2.3242865 ,  10.6523    ,   4.7281933 ,   4.0289803 ,   2.9464731 ,    0.41327295,   1.1307925 ,   5.8820753 ]; [[19115.57871245,-4720.17939999, -106.9680656 ,  931.72530917,    190.77445297,  382.58966427,  743.43935851,  642.90448109,    549.72156257,  504.44003312,  385.43725079,  534.10283277,    565.85081237], [-4720.17939999, 3793.10382946, -524.16421892, -586.77830327,    -54.22346268, -186.85435892, -219.61926033, -319.48252013,   -212.34511005, -208.74397261, -203.99496703, -286.55817524,   -218.94878654], [ -106.9680656 , -524.16421892,  542.29143479,  110.37541258,     15.4505641 ,   64.38487587,   -5.5205237 ,   75.20311657,     25.7682731 ,   15.18149215,   44.48815557,   42.62992351,     -0.72898185], [  931.72530917, -586.77830327,  110.37541258,  311.80204103,     61.4651906 ,   36.11714006,   49.76764092,   85.40737461,     57.97261867,   50.01172955,   67.57271159,   81.79139564,     37.82310604], [  190.77445297,  -54.22346268,   15.4505641 ,   61.4651906 ,    150.58091114,   67.1473774 ,   28.85377501,   43.50732455,     26.21808124,   32.60650485,   29.69594643,   41.93168113,     30.58005738], [  382.58966427, -186.85435892,   64.38487587,   36.11714006,     67.1473774 ,  272.33551048,   36.72118455,   91.28209365,     22.61568121,   61.44753064,   24.53224081,   30.89378105,     19.58063668], [  743.43935851, -219.61926033,   -5.5205237 ,   49.76764092,     28.85377501,   36.72118455,  204.15153205,   47.55678964,     59.55973016,   45.85583529,   33.49335754,   43.67561699,     62.77252176], [  642.90448109, -319.48252013,   75.20311657,   85.40737461,     43.50732455,   91.28209365,   47.55678964,  163.93008702,     66.56106031,   54.90256874,   39.60782174,   64.3522089 ,     46.85507539], [  549.72156257, -212.34511005,   25.7682731 ,   57.97261867,     26.21808124,   22.61568121,   59.55973016,   66.56106031,    119.37221294,   60.47011576,   31.1775924 ,   41.78873059,     45.36463152], [  504.44003312, -208.74397261,   15.18149215,   50.01172955,     32.60650485,   61.44753064,   45.85583529,   54.90256874,     60.47011576,  128.09230619,   61.34959919,   54.51271238,     49.93806336], [  385.43725079, -203.99496703,   44.48815557,   67.57271159,     29.69594643,   24.53224081,   33.49335754,   39.60782174,     31.1775924 ,   61.34959919,  111.25907243,   78.30678361,     36.45717544], [  534.10283277, -286.55817524,   42.62992351,   81.79139564,     41.93168113,   30.89378105,   43.67561699,   64.3522089 ,     41.78873059,   54.51271238,   78.30678361,  143.05762344,     84.42581597], [  565.85081237, -218.94878654,   -0.72898185,   37.82310604,     30.58005738,   19.58063668,   62.77252176,   46.85507539,     45.36463152,   49.93806336,   36.45717544,   84.42581597,    138.32085443]]
