music/Metal/Uada - Black Autumn White Spring.mp3; [-504.92477  , 115.58318  ,  -3.2347474,  16.60001  ,  -3.6636043,   11.014769 ,   2.3364573,   7.927547 ,   4.029919 ,   3.2997165,   -8.012006 ,  -4.676654 ,  -3.8142385]; [[ 5596.83344149,-1241.917079  ,  488.13890887, -490.09543345,    -49.72232245,  324.52209203,  -12.80586367,  319.85298239,     13.69405762,   60.72221353,  178.78261614,   44.67260173,    199.7578267 ], [-1241.917079  ,  955.79301091, -529.47539589,  228.72548863,     14.76618026,  -95.89053162,   90.00151074, -112.060172  ,     25.83736453,  -12.09857005,  -69.19110756,   39.06571953,    -72.75597844], [  488.13890887, -529.47539589,  731.46403609, -122.64346619,     65.91641746,   45.57390124, -108.4236958 ,   69.74987103,    -28.11473555,    5.83742568,   70.80828065,  -45.64024405,     61.33321011], [ -490.09543345,  228.72548863, -122.64346619,  269.35474072,      7.58886236,  -20.34934332,   -2.91537213,  -53.93076522,     31.19797972,   31.0227339 ,  -26.28223713,    9.00708158,    -22.45720125], [  -49.72232245,   14.76618026,   65.91641746,    7.58886236,    110.70076645,   31.98509237,   13.06278766,   13.75125715,      9.30935242,   14.41871369,   16.35450815,    4.53612868,     15.65245375], [  324.52209203,  -95.89053162,   45.57390124,  -20.34934332,     31.98509237,  111.51795871,   46.37149787,   54.87143578,      1.6894289 ,    2.66146947,   25.42190894,   14.86232657,     34.02685065], [  -12.80586367,   90.00151074, -108.4236958 ,   -2.91537213,     13.06278766,   46.37149787,  105.95592746,   42.77502094,      9.32628361,  -11.61129933,   -5.18465613,   21.83930216,     10.38800957], [  319.85298239, -112.060172  ,   69.74987103,  -53.93076522,     13.75125715,   54.87143578,   42.77502094,   99.59550348,     22.87885941,    8.36402833,   21.25164966,    6.20675358,     26.77457066], [   13.69405762,   25.83736453,  -28.11473555,   31.19797972,      9.30935242,    1.6894289 ,    9.32628361,   22.87885941,     67.77901157,   37.1301266 ,   12.84864181,    7.37909731,     -1.13281573], [   60.72221353,  -12.09857005,    5.83742568,   31.0227339 ,     14.41871369,    2.66146947,  -11.61129933,    8.36402833,     37.1301266 ,   65.43388388,   29.61914026,   10.1442113 ,      3.47419036], [  178.78261614,  -69.19110756,   70.80828065,  -26.28223713,     16.35450815,   25.42190894,   -5.18465613,   21.25164966,     12.84864181,   29.61914026,   65.14606529,   25.55641156,     22.03545547], [   44.67260173,   39.06571953,  -45.64024405,    9.00708158,      4.53612868,   14.86232657,   21.83930216,    6.20675358,      7.37909731,   10.1442113 ,   25.55641156,   54.51019894,     25.34199041], [  199.7578267 ,  -72.75597844,   61.33321011,  -22.45720125,     15.65245375,   34.02685065,   10.38800957,   26.77457066,     -1.13281573,    3.47419036,   22.03545547,   25.34199041,     62.37653044]]
music/Metal/Dark Tranquillity - Punish My Heaven.mp3; [-475.30737   ,  86.24891   , -12.938396  ,  29.4043    ,   4.9707975 ,    4.219949  ,   9.148885  ,   4.0708275 ,   1.0560939 ,   0.9960766 ,   -3.163279  ,  -0.94299823,  -0.00728433]; [[5532.88725682, 241.92823525, -29.89278426, -15.13571149, -63.38036545,   102.71663929,  40.30524698, 117.26441143,   5.1172873 ,  36.17296394,    24.28755921,  19.97008712,  24.67158476], [ 241.92823525, 529.51061565,-146.84563464,  22.26106805,   3.96616268,   -36.41215015,  59.20452704, -26.78250127,  26.81744703,  -0.7444539 ,     6.85081233,  16.90187182,  -7.20919653], [ -29.89278426,-146.84563464, 349.61620144,  45.93232102,  55.90160285,     5.40741202, -55.94887912,  30.20754071, -13.64812932,  10.95844467,     6.41843229,  -3.90145688,  20.72964063], [ -15.13571149,  22.26106805,  45.93232102, 254.93861077,  63.2383875 ,    -5.72403056, -23.45499966,  -4.62820307,  44.15201582,  12.2493236 ,    10.46909457,   5.77252824,  16.59346698], [ -63.38036545,   3.96616268,  55.90160285,  63.2383875 , 117.53375422,    21.86927129, -14.60786061, -18.1951976 ,   7.35710202,  15.90518339,     6.34247417,   2.97535127,   7.03838398], [ 102.71663929, -36.41215015,   5.40741202,  -5.72403056,  21.86927129,   140.22395417,  58.51790197,  47.56646047,  -2.33706785,  18.54043136,     6.975802  ,  10.14997423,   8.53499985], [  40.30524698,  59.20452704, -55.94887912, -23.45499966, -14.60786061,    58.51790197, 128.31621494,  44.17482735,   8.45089893,  -4.23506763,    -2.8075351 ,  11.66947625,   4.40570703], [ 117.26441143, -26.78250127,  30.20754071,  -4.62820307, -18.1951976 ,    47.56646047,  44.17482735, 107.28218037,  39.14375768,  16.94986649,     7.06688889,   7.8182074 ,  12.95298617], [   5.1172873 ,  26.81744703, -13.64812932,  44.15201582,   7.35710202,    -2.33706785,   8.45089893,  39.14375768,  89.27472188,  33.45904275,    19.33572629,   2.33816541,   7.64529964], [  36.17296394,  -0.7444539 ,  10.95844467,  12.2493236 ,  15.90518339,    18.54043136,  -4.23506763,  16.94986649,  33.45904275,  67.52296212,    33.51841273,  10.54277032,   4.0395992 ], [  24.28755921,   6.85081233,   6.41843229,  10.46909457,   6.34247417,     6.975802  ,  -2.8075351 ,   7.06688889,  19.33572629,  33.51841273,    70.49732997,  29.60631226,   9.98431456], [  19.97008712,  16.90187182,  -3.90145688,   5.77252824,   2.97535127,    10.14997423,  11.66947625,   7.8182074 ,   2.33816541,  10.54277032,    29.60631226,  55.90231784,  25.02861483], [  24.67158476,  -7.20919653,  20.72964063,  16.59346698,   7.03838398,     8.53499985,   4.40570703,  12.95298617,   7.64529964,   4.0395992 ,     9.98431456,  25.02861483,  53.56318492]]
music/Metal/Amorphis - House Of Sleep.mp3; [-522.2667    , 117.35699   , -12.47647   ,  25.365227  ,  -0.35542545,   14.324144  ,  12.336399  ,   4.953233  ,   4.893817  ,   1.073208  ,    2.397289  ,   2.3496027 ,  -4.2028937 ]; [[8029.20493997,-949.28490712,-144.34345558, 357.75543869,-303.87341755,   341.05063009, 230.735647  ,  43.03884973, 200.17833445, 138.63813828,   193.20567397, 127.29187235, -66.12850137], [-949.28490712,1211.90202727, -66.56774914, -55.74655839, 117.24328432,   -88.60675293, -75.82379893, -31.13410114, -62.89846774, -51.2681094 ,   -35.54585917, -11.5870663 ,  35.75616176], [-144.34345558, -66.56774914, 374.30998192, -40.75021674,  80.75097859,    13.50493989, -49.6235463 ,  -1.94697512, -43.18048685,  26.90072496,   -25.66033685,  -2.08099274,  31.19679927], [ 357.75543869, -55.74655839, -40.75021674, 261.78223608,  11.35130175,    57.06045482,  45.18995082,  19.84277843,  56.67198184,  22.3446491 ,    21.53847013,  -1.80889999, -12.55458325], [-303.87341755, 117.24328432,  80.75097859,  11.35130175, 175.84103511,    11.81459937, -30.84989306, -42.88931353, -32.26876546,  11.21031859,   -22.15689026, -17.31260077,   9.15277276], [ 341.05063009, -88.60675293,  13.50493989,  57.06045482,  11.81459937,   103.93894656,  36.36581945,  16.32006493,  16.81900971,  23.40050813,    14.28014207,   7.75718134,   6.12124137], [ 230.735647  , -75.82379893, -49.6235463 ,  45.18995082, -30.84989306,    36.36581945, 103.16650349,  51.56218838,  40.30882832,   0.36782577,    13.11844396,  13.85159671, -11.11405655], [  43.03884973, -31.13410114,  -1.94697512,  19.84277843, -42.88931353,    16.32006493,  51.56218838,  98.02931387,  41.4500074 ,   9.4073974 ,     5.98497496,   6.52638113,   0.70789886], [ 200.17833445, -62.89846774, -43.18048685,  56.67198184, -32.26876546,    16.81900971,  40.30882832,  41.4500074 ,  91.5531287 ,  35.01034119,    26.30917923,   6.94536979,  -8.70100497], [ 138.63813828, -51.2681094 ,  26.90072496,  22.3446491 ,  11.21031859,    23.40050813,   0.36782577,   9.4073974 ,  35.01034119,  78.59165525,    31.86136146,  15.85606812,   8.02852649], [ 193.20567397, -35.54585917, -25.66033685,  21.53847013, -22.15689026,    14.28014207,  13.11844396,   5.98497496,  26.30917923,  31.86136146,    66.69899455,  30.34001717,   7.22635882], [ 127.29187235, -11.5870663 ,  -2.08099274,  -1.80889999, -17.31260077,     7.75718134,  13.85159671,   6.52638113,   6.94536979,  15.85606812,    30.34001717,  65.39439305,  26.53218024], [ -66.12850137,  35.75616176,  31.19679927, -12.55458325,   9.15277276,     6.12124137, -11.11405655,   0.70789886,  -8.70100497,   8.02852649,     7.22635882,  26.53218024,  61.19123995]]
music/Metal/Eluveitie - Neverland.mp3; [-455.016     , 101.46793   ,  -5.9735255 ,  32.370243  ,   2.230032  ,    9.4454365 ,   2.4758484 ,   0.30770385,   5.8448224 ,   5.8543572 ,    0.16566257,   0.19869392,  -1.9859726 ]; [[5223.08804332, -54.4790791 , -41.15674418,   5.86107383,-145.46071515,    28.39439415, 127.23459068, 143.93733308,  74.98721544,  27.88359182,   -54.5467828 ,  -4.32068992, -76.5436193 ], [ -54.4790791 , 590.10412431, -99.13060226, 215.13628031,   8.04100375,    59.3943182 , 104.68211332,  -3.60482735,  10.41165732, -22.65732372,    -7.73288183,  24.35142753,  52.76747208], [ -41.15674418, -99.13060226, 347.15998483, 113.69356636,  92.45179222,     8.87791628,  -3.77303206,  -4.98463305, -23.29318248,  20.92875669,     1.55028005,  14.42598445,  32.42042343], [   5.86107383, 215.13628031, 113.69356636, 467.55160514,  82.32643565,    67.5902002 ,  59.14963281, -22.51922614,  13.88826463,   4.94612419,   -12.3467388 ,  13.83208816,  76.56386594], [-145.46071515,   8.04100375,  92.45179222,  82.32643565, 155.03430018,    33.12921009, -16.03515156, -26.93466453,   0.42123323,  33.20627117,    11.43357442,   7.63619148,  10.47797156], [  28.39439415,  59.3943182 ,   8.87791628,  67.5902002 ,  33.12921009,   102.89446585,  59.23892389,   0.81794578,  -5.82567902,   0.92179193,     7.63370932,   9.01040647,  11.80853582], [ 127.23459068, 104.68211332,  -3.77303206,  59.14963281, -16.03515156,    59.23892389, 150.99579769,  43.52221512,  11.76523583, -25.4514482 ,    -4.98393209,  21.33292719,  22.55554055], [ 143.93733308,  -3.60482735,  -4.98463305, -22.51922614, -26.93466453,     0.81794578,  43.52221512,  93.87108685,  35.47627378,  -1.48415287,    -6.58858359,   8.69627538,  -3.44529265], [  74.98721544,  10.41165732, -23.29318248,  13.88826463,   0.42123323,    -5.82567902,  11.76523583,  35.47627378,  71.82561567,  25.96301541,    -0.35548328, -10.99312196,  -7.14068229], [  27.88359182, -22.65732372,  20.92875669,   4.94612419,  33.20627117,     0.92179193, -25.4514482 ,  -1.48415287,  25.96301541,  78.71513519,    24.07293427,   5.16016364, -10.90499682], [ -54.5467828 ,  -7.73288183,   1.55028005, -12.3467388 ,  11.43357442,     7.63370932,  -4.98393209,  -6.58858359,  -0.35548328,  24.07293427,    63.35926686,  30.25422801,   2.04705795], [  -4.32068992,  24.35142753,  14.42598445,  13.83208816,   7.63619148,     9.01040647,  21.33292719,   8.69627538, -10.99312196,   5.16016364,    30.25422801,  67.08001747,  31.92151387], [ -76.5436193 ,  52.76747208,  32.42042343,  76.56386594,  10.47797156,    11.80853582,  22.55554055,  -3.44529265,  -7.14068229, -10.90499682,     2.04705795,  31.92151387,  74.84387819]]
music/Metal/System Of A Down-Toxicity.mp3; [-524.0812    , 111.52506   , -11.794339  ,  33.491997  ,  12.4161625 ,   11.114598  ,   9.054973  ,   6.199843  ,   2.1679914 ,   2.0469782 ,   -1.5241556 ,   0.10165769,  -1.4526598 ]; [[ 8440.40813386,-2353.13559433,  688.23124965, -194.48288225,    135.46835147,  286.37489787,  307.45106267,  295.84981182,    193.22448111,  332.91094602, -105.61520873,  206.0495248 ,    298.44175272], [-2353.13559433, 1828.36759564, -568.59671115,   30.65647905,      7.00768236,  -99.38712275,  -81.02038648, -134.62692004,    -62.52919523,  -44.64235081,   67.55640486,  -27.36592362,    -25.20875293], [  688.23124965, -568.59671115,  671.64809561,   32.13763483,    111.36276046,   61.03125495,   54.37703504,   56.28885828,     27.01530306,   59.79029217,   35.7542988 ,   84.49995095,     53.08407269], [ -194.48288225,   30.65647905,   32.13763483,  306.8894772 ,     73.84694794,   34.21976157,   24.29699666,  -11.99912769,     33.00412156,   19.44921214,  -26.1629629 ,    2.20264677,     11.9804639 ], [  135.46835147,    7.00768236,  111.36276046,   73.84694794,    209.76000952,   60.53577612,   31.42267488,   10.01927267,     39.46768881,   64.00380096,    2.27469218,   33.17594247,     48.32117088], [  286.37489787,  -99.38712275,   61.03125495,   34.21976157,     60.53577612,  178.60012402,  105.78957315,   68.04550688,     44.7292568 ,   -0.73347119,    4.62666286,   20.64373008,    -11.35240069], [  307.45106267,  -81.02038648,   54.37703504,   24.29699666,     31.42267488,  105.78957315,  182.2300985 ,  102.58089064,     47.57344381,   -0.21649099,    3.00088452,   29.49913025,      0.96494894], [  295.84981182, -134.62692004,   56.28885828,  -11.99912769,     10.01927267,   68.04550688,  102.58089064,  148.94341071,     44.04792367,   -6.07445835,    7.94772501,   16.33890495,      0.07833214], [  193.22448111,  -62.52919523,   27.01530306,   33.00412156,     39.46768881,   44.7292568 ,   47.57344381,   44.04792367,     97.8729544 ,   35.20861265,    3.11978245,   15.11498745,     10.78424553], [  332.91094602,  -44.64235081,   59.79029217,   19.44921214,     64.00380096,   -0.73347119,   -0.21649099,   -6.07445835,     35.20861265,  133.05097675,   25.17366548,   29.57494504,     56.41989997], [ -105.61520873,   67.55640486,   35.7542988 ,  -26.1629629 ,      2.27469218,    4.62666286,    3.00088452,    7.94772501,      3.11978245,   25.17366548,  100.65867933,   35.20994813,      6.60492607], [  206.0495248 ,  -27.36592362,   84.49995095,    2.20264677,     33.17594247,   20.64373008,   29.49913025,   16.33890495,     15.11498745,   29.57494504,   35.20994813,   91.08255067,     43.38443324], [  298.44175272,  -25.20875293,   53.08407269,   11.9804639 ,     48.32117088,  -11.35240069,    0.96494894,    0.07833214,     10.78424553,   56.41989997,    6.60492607,   43.38443324,    107.82568101]]
music/Metal/Metallica - Moth Into Flame.mp3; [-477.73846   ,  75.91044   ,  13.449701  ,  34.088192  ,  16.615143  ,    8.24864   ,   5.2252946 ,   7.0615873 ,   5.0726852 ,   6.7400823 ,    0.34781075,   0.3572783 ,   0.01761658]; [[5003.09583591,  -8.38757309, 108.59669324, -67.88239594, -30.20215103,    20.32330217, -80.1160124 ,  48.41630328,  51.21378158,  45.73867087,    13.76164816,  -3.44265194, -32.44081145], [  -8.38757309, 388.61931673,-143.97910519,  31.43822012,  11.22748147,    -6.90842535,  25.7583656 ,  27.64222929,   8.78587037,  19.33345197,    10.79989844,   7.76541069,  21.57964129], [ 108.59669324,-143.97910519, 452.03950275,  29.33532101,  34.24337898,    10.66539128, -14.25913418, -42.39502194,   3.46006596, -28.96866471,   -17.72993506, -25.50295811, -13.09440598], [ -67.88239594,  31.43822012,  29.33532101, 138.45268323,  25.65453842,     6.64252178, -13.26665942,   3.362692  ,   4.56355389,  16.33962938,    -6.95892758,  -6.4728149 ,   0.68663651], [ -30.20215103,  11.22748147,  34.24337898,  25.65453842, 115.4931622 ,    25.02871404,  20.08250616,  -2.77203327,  20.75605683,   9.76048115,     8.30619564,   3.65585005,   6.32776706], [  20.32330217,  -6.90842535,  10.66539128,   6.64252178,  25.02871404,    89.47137405,  46.28415282,   3.30410716, -17.97747001,  -1.02165657,     6.9881253 ,   3.43606635,  -1.53573945], [ -80.1160124 ,  25.7583656 , -14.25913418, -13.26665942,  20.08250616,    46.28415282, 111.56665004,  35.3596549 ,  -1.36011173,   4.73818976,     8.35738806,  14.33360024,  12.22731874], [  48.41630328,  27.64222929, -42.39502194,   3.362692  ,  -2.77203327,     3.30410716,  35.3596549 ,  84.28014924,  39.13809973,  13.80347335,     6.10649209,  10.45353399,   9.66729347], [  51.21378158,   8.78587037,   3.46006596,   4.56355389,  20.75605683,   -17.97747001,  -1.36011173,  39.13809973,  81.32321843,  38.86378092,    10.05018673,   2.4832713 ,   7.2119902 ], [  45.73867087,  19.33345197, -28.96866471,  16.33962938,   9.76048115,    -1.02165657,   4.73818976,  13.80347335,  38.86378092,  75.07295915,    28.52502145,  10.02853096,   6.68157578], [  13.76164816,  10.79989844, -17.72993506,  -6.95892758,   8.30619564,     6.9881253 ,   8.35738806,   6.10649209,  10.05018673,  28.52502145,    55.0526258 ,  24.70034727,  10.25338234], [  -3.44265194,   7.76541069, -25.50295811,  -6.4728149 ,   3.65585005,     3.43606635,  14.33360024,  10.45353399,   2.4832713 ,  10.02853096,    24.70034727,  47.28112807,  24.3277823 ], [ -32.44081145,  21.57964129, -13.09440598,   0.68663651,   6.32776706,    -1.53573945,  12.22731874,   9.66729347,   7.2119902 ,   6.68157578,    10.25338234,  24.3277823 ,  46.67752631]]
music/Klassik/Rachmaninoff - The Isle of the Dead Op 29.mp3; [-877.68665  , 163.54295  ,  -7.764877 ,  -1.7997903, -11.815404 ,  -13.741692 , -13.086228 , -11.040612 , -10.400573 ,  -8.074438 ,   -6.783732 ,  -4.702432 ,  -1.5555371]; [[12175.66117446,  892.4237654 ,-4823.75965305,  628.96789879,   -490.51640825,  -30.87666555, -172.82500947, -121.20358701,   -144.5036555 ,   39.76745151,   64.65924379,   14.01646649,     15.8832182 ], [  892.4237654 , 1310.4669694 ,   57.74860102,  -57.28464674,    205.22296566,   36.92211344,   68.40345191,  -11.06262617,     28.26721117,   15.64626769,    9.16263841,    0.36770232,    -19.34078511], [-4823.75965305,   57.74860102, 2704.28254938,   -8.49358914,    279.25787996,  192.85289325,  165.90791601,   89.39726991,    100.23005827,   22.03764674,  -11.99525488,   -3.79757033,    -41.87381141], [  628.96789879,  -57.28464674,   -8.49358914,  396.81696685,     37.15870197,   74.05919804,   65.01484311,   36.81473496,     23.20128228,   24.921892  ,   18.82286763,    4.35484046,     -4.02351872], [ -490.51640825,  205.22296566,  279.25787996,   37.15870197,    216.88114279,   69.58812635,   56.33756164,   31.74554346,     33.58594191,   15.68775016,    5.24649854,    9.97542325,     -8.72829565], [  -30.87666555,   36.92211344,  192.85289325,   74.05919804,     69.58812635,  160.91505098,   78.20343561,   24.35905711,     20.82507003,   15.9938145 ,    9.95128207,    3.92701251,    -14.44929139], [ -172.82500947,   68.40345191,  165.90791601,   65.01484311,     56.33756164,   78.20343561,  119.51804617,   54.60150414,     21.43305597,   12.17187724,   10.84841574,    5.58248284,     -9.42003669], [ -121.20358701,  -11.06262617,   89.39726991,   36.81473496,     31.74554346,   24.35905711,   54.60150414,   90.58365426,     49.50676299,    6.85418166,   -0.41268543,    4.33006018,      4.45432972], [ -144.5036555 ,   28.26721117,  100.23005827,   23.20128228,     33.58594191,   20.82507003,   21.43305597,   49.50676299,     91.36491508,   45.62349289,   -4.69365161,   -2.99833277,      9.23434584], [   39.76745151,   15.64626769,   22.03764674,   24.921892  ,     15.68775016,   15.9938145 ,   12.17187724,    6.85418166,     45.62349289,   81.27901695,   38.24374684,   -1.63552168,     -0.70890481], [   64.65924379,    9.16263841,  -11.99525488,   18.82286763,      5.24649854,    9.95128207,   10.84841574,   -0.41268543,     -4.69365161,   38.24374684,   92.17598576,   50.80416404,     -9.21931666], [   14.01646649,    0.36770232,   -3.79757033,    4.35484046,      9.97542325,    3.92701251,    5.58248284,    4.33006018,     -2.99833277,   -1.63552168,   50.80416404,  100.23370461,     44.07011683], [   15.8832182 ,  -19.34078511,  -41.87381141,   -4.02351872,     -8.72829565,  -14.44929139,   -9.42003669,    4.45432972,      9.23434584,   -0.70890481,   -9.21931666,   44.07011683,    102.30383589]]
music/Klassik/Beethoven - Für Elise.mp3; [-991.82916   , 152.90236   ,  52.80322   ,  -4.760282  , -16.141863  ,  -15.897314  , -15.946361  , -13.473132  ,  -7.1293325 ,   0.45636272,    4.9179635 ,   3.5351715 ,  -3.4594622 ]; [[2936.34136757,2246.47350108,-471.22860356,-827.77991248,-192.08833385,  -111.40895616,-216.1472959 ,-199.27696437,-170.99022724,-173.52953751,  -163.88109959,-119.2778297 ,-111.01516118], [2246.47350108,1912.50056947, -24.588084  ,-504.38008853,-176.36089348,   -99.66258245,-183.18746443,-203.55743984,-203.73734583,-214.65349629,  -194.56789491,-135.37985144, -96.14851518], [-471.22860356, -24.588084  , 718.20258562, 473.8729687 ,  32.30458913,   -18.82822602,   4.45832456, -52.51389348,-112.74916666,-138.79574231,  -122.15468985, -78.08391803,  -5.9603959 ], [-827.77991248,-504.38008853, 473.8729687 , 573.66441483, 190.88267032,    26.42675085,  45.23267268,  29.88263574, -31.3366253 , -74.16435985,   -77.28542464, -49.94281812,  15.51252536], [-192.08833385,-176.36089348,  32.30458913, 190.88267032, 191.53592152,    90.36093062,  27.65904126,  23.30227611,   0.07413464, -44.76499759,   -62.1221622 , -42.81910076,   0.90662671], [-111.40895616, -99.66258245, -18.82822602,  26.42675085,  90.36093062,   123.76922416,  77.53098504,  29.10961903,  13.38386397,  -9.21788954,   -31.9925996 , -28.78971967, -11.0916322 ], [-216.1472959 ,-183.18746443,   4.45832456,  45.23267268,  27.65904126,    77.53098504, 120.47085726,  92.99543102,  54.21814719,  34.57669554,    13.85853891,  -5.85681843, -17.87824088], [-199.27696437,-203.55743984, -52.51389348,  29.88263574,  23.30227611,    29.10961903,  92.99543102, 138.0943586 , 116.80922409,  75.62174714,    44.02986091,  12.52106005, -14.55219517], [-170.99022724,-203.73734583,-112.74916666, -31.3366253 ,   0.07413464,    13.38386397,  54.21814719, 116.80922409, 156.77613802, 142.36446589,    89.52041466,  36.36091288,  -6.99737264], [-173.52953751,-214.65349629,-138.79574231, -74.16435985, -44.76499759,    -9.21788954,  34.57669554,  75.62174714, 142.36446589, 198.54437083,   172.13970074,  87.54161336,   1.59466133], [-163.88109959,-194.56789491,-122.15468985, -77.28542464, -62.1221622 ,   -31.9925996 ,  13.85853891,  44.02986091,  89.52041466, 172.13970074,   207.18892856, 139.6245666 ,  28.83962947], [-119.2778297 ,-135.37985144, -78.08391803, -49.94281812, -42.81910076,   -28.78971967,  -5.85681843,  12.52106005,  36.36091288,  87.54161336,   139.6245666 , 138.45760604,  76.15976953], [-111.01516118, -96.14851518,  -5.9603959 ,  15.51252536,   0.90662671,   -11.0916322 , -17.87824088, -14.55219517,  -6.99737264,   1.59466133,    28.83962947,  76.15976953, 104.67762311]]
music/Klassik/J Str.auss I_ Radetzky-Marsch Op228.mp3; [-718.2766    , 152.18402   , -26.176973  ,  -2.8231099 ,  -6.5843    ,   -3.8317766 ,  -9.378113  ,  -4.966135  ,  -7.536933  ,   0.85414135,   -0.03523093,  -0.02343085,  -0.79761434]; [[11228.71331194,-1020.62582365,  329.33004178,  489.12113611,     59.07118562,   12.12271215,   93.77552302,  298.70128863,     26.30583192,   31.55547338,   51.20941874,   55.89249976,    -25.98102552], [-1020.62582365,  900.20140079, -269.09627363, -151.9345212 ,    -90.35042812,  -66.17112258,  -82.85195747,  -94.36947367,    -50.08498604,  -23.87921824,  -19.49517864,  -18.86173749,     -0.52904768], [  329.33004178, -269.09627363,  522.77483568,   98.87471027,     90.61726869,   37.86117299,   64.11500319,   34.73060514,     31.73334226,    2.59541977,   21.38565852,   11.57042043,    -17.06510805], [  489.12113611, -151.9345212 ,   98.87471027,  188.64618534,     70.97534574,   33.9581246 ,   40.34880866,   55.62771135,     13.46444612,    7.87932282,   14.72480284,    5.61485847,    -19.15935312], [   59.07118562,  -90.35042812,   90.61726869,   70.97534574,    113.78545723,   50.74280237,   42.09082273,   30.55499204,     22.93962956,   12.76154656,   18.82279801,    5.41692788,     -7.50288158], [   12.12271215,  -66.17112258,   37.86117299,   33.9581246 ,     50.74280237,   84.48517136,   43.94881007,   15.48477027,     17.14529213,   20.1704072 ,    9.6538872 ,    0.59945854,     -4.16163899], [   93.77552302,  -82.85195747,   64.11500319,   40.34880866,     42.09082273,   43.94881007,   80.02175867,   43.47895432,     15.63370948,   13.1002322 ,   19.58223483,    5.38012524,     -7.95153275], [  298.70128863,  -94.36947367,   34.73060514,   55.62771135,     30.55499204,   15.48477027,   43.47895432,   83.16006149,     29.89859844,    3.31828917,   12.40852535,   10.12284021,     -0.90846133], [   26.30583192,  -50.08498604,   31.73334226,   13.46444612,     22.93962956,   17.14529213,   15.63370948,   29.89859844,     59.52502606,   26.81481797,    0.02868996,   -0.43574686,      7.28682777], [   31.55547338,  -23.87921824,    2.59541977,    7.87932282,     12.76154656,   20.1704072 ,   13.1002322 ,    3.31828917,     26.81481797,   56.34481035,   19.6028675 ,   -7.35442849,     -6.24526737], [   51.20941874,  -19.49517864,   21.38565852,   14.72480284,     18.82279801,    9.6538872 ,   19.58223483,   12.40852535,      0.02868996,   19.6028675 ,   60.32820791,   26.94318818,    -10.19205296], [   55.89249976,  -18.86173749,   11.57042043,    5.61485847,      5.41692788,    0.59945854,    5.38012524,   10.12284021,     -0.43574686,   -7.35442849,   26.94318818,   68.38582012,     36.42282302], [  -25.98102552,   -0.52904768,  -17.06510805,  -19.15935312,     -7.50288158,   -4.16163899,   -7.95153275,   -0.90846133,      7.28682777,   -6.24526737,  -10.19205296,   36.42282302,     84.75442472]]
music/Klassik/Bach - Toccaqta & Fugue D Minor BWV 565 Toccata.mp3; [-736.0249    , 140.55733   ,  -9.547138  ,   6.127069  , -11.407437  ,   10.778028  ,  -9.220854  ,   0.9964268 ,  -2.4744494 ,   4.8657475 ,   -3.13242   ,  -0.88219136,  -1.4233391 ]; [[17425.46757688, 1100.62880083,-1753.0984202 ,  247.70313814,   -873.44189673,  -66.04647155, -536.31772968, -123.64655461,   -217.04453645, -377.33354771, -311.65532766,  251.0059523 ,   -211.82128541], [ 1100.62880083, 1894.9185597 ,  295.7220272 ,  -25.63106556,     75.53621771,  106.00673076,  184.89428843, -175.82884332,    -41.61432925, -126.49586664, -115.30045027,    1.05934968,     22.76636648], [-1753.0984202 ,  295.7220272 ,  826.0060605 ,   99.40115528,    133.19031412,  156.95870112,  135.62172978,  -20.29621423,     32.807033  ,   11.48891374,  -45.89091854,   13.21323853,     71.50442897], [  247.70313814,  -25.63106556,   99.40115528,  305.8257751 ,     17.62331072,   47.20591932,   47.79740454,   26.92637728,     46.28199631,  -37.99652155,   16.85369481,    3.26651503,     14.52652704], [ -873.44189673,   75.53621771,  133.19031412,   17.62331072,    240.78074422,   -3.88975185,  120.77795716,   28.61810697,     31.81581777,   14.75300706,   -4.12121884,   45.43046345,      4.56891868], [  -66.04647155,  106.00673076,  156.95870112,   47.20591932,     -3.88975185,  199.61287737,    9.94603353,    3.7920096 ,     28.75764553,   18.71433969,   17.22782625,  -42.951135  ,      7.45214641], [ -536.31772968,  184.89428843,  135.62172978,   47.79740454,    120.77795716,    9.94603353,  262.23332801,  -12.99941746,     60.93129104,   16.21885134,  -23.59422609,   34.47066821,     30.01651862], [ -123.64655461, -175.82884332,  -20.29621423,   26.92637728,     28.61810697,    3.7920096 ,  -12.99941746,  181.75334859,     47.72799299,   13.82333746,   47.31426179,   13.44346223,     -1.36490179], [ -217.04453645,  -41.61432925,   32.807033  ,   46.28199631,     31.81581777,   28.75764553,   60.93129104,   47.72799299,    189.1773563 ,   34.35445509,   34.59183953,   22.14628316,     -9.55636571], [ -377.33354771, -126.49586664,   11.48891374,  -37.99652155,     14.75300706,   18.71433969,   16.21885134,   13.82333746,     34.35445509,  196.5075849 ,   24.96242176,  -55.22491698,     -5.47043781], [ -311.65532766, -115.30045027,  -45.89091854,   16.85369481,     -4.12121884,   17.22782625,  -23.59422609,   47.31426179,     34.59183953,   24.96242176,  207.92911084,  -55.21465317,    -84.65129453], [  251.0059523 ,    1.05934968,   13.21323853,    3.26651503,     45.43046345,  -42.951135  ,   34.47066821,   13.44346223,     22.14628316,  -55.22491698,  -55.21465317,  306.94376267,     68.77020131], [ -211.82128541,   22.76636648,   71.50442897,   14.52652704,      4.56891868,    7.45214641,   30.01651862,   -1.36490179,     -9.55636571,   -5.47043781,  -84.65129453,   68.77020131,    238.18606689]]
music/Klassik/Liszt - Totentanz.mp3; [-832.31445   , 175.62352   ,  -8.431171  ,   0.8618023 ,  -7.7698836 ,   -6.0844913 ,  -6.9976664 ,  -7.2094283 ,  -6.463994  ,  -2.2027853 ,   -1.375192  ,  -0.82008797,  -1.1739129 ]; [[21047.02816917, 3808.9220596 ,-4669.84903656,  728.65704365,   -462.63507279,  -65.03691947, -432.3338326 , -307.79901755,   -381.16550595, -210.39529006, -410.83897711, -461.2403647 ,   -348.38451844], [ 3808.9220596 , 2353.73460889, -901.02588172,  -83.84232223,   -119.23401171, -183.88858994, -173.30665863, -188.31547572,   -170.17272403, -128.38396244,  -99.62307201, -122.2126017 ,    -87.51255685], [-4669.84903656, -901.02588172, 1707.70164142,  -59.6521556 ,     66.87268161,  -22.19462627,   23.88623763,   45.64272288,     49.79041192,   21.40782956,   71.34616414,   99.80157961,     61.49851048], [  728.65704365,  -83.84232223,  -59.6521556 ,  451.79441558,     92.49547237,   37.63466918,  -15.79260339,   -3.82565213,      0.4437245 ,  -12.6356367 ,  -29.44836695,  -25.27312196,    -11.62753705], [ -462.63507279, -119.23401171,   66.87268161,   92.49547237,    238.58841919,   89.00325715,   34.07649666,   10.24881754,     12.28200927,    8.2161419 ,    5.85233394,    3.69436341,      1.7837871 ], [  -65.03691947, -183.88858994,  -22.19462627,   37.63466918,     89.00325715,  183.97915134,   96.06331056,   46.23172521,     23.82384794,   10.61661581,   12.84341447,    3.55578996,    -16.81394814], [ -432.3338326 , -173.30665863,   23.88623763,  -15.79260339,     34.07649666,   96.06331056,  157.31646904,   84.27486914,     36.15588038,   18.74391699,   21.40547746,   10.43321727,     -9.82320621], [ -307.79901755, -188.31547572,   45.64272288,   -3.82565213,     10.24881754,   46.23172521,   84.27486914,  127.05686995,     73.77139912,   20.36362294,    8.44261601,    5.35815691,     -6.14767889], [ -381.16550595, -170.17272403,   49.79041192,    0.4437245 ,     12.28200927,   23.82384794,   36.15588038,   73.77139912,    117.18990556,   50.67530193,    1.32550047,   -0.76812908,      1.0262743 ], [ -210.39529006, -128.38396244,   21.40782956,  -12.6356367 ,      8.2161419 ,   10.61661581,   18.74391699,   20.36362294,     50.67530193,   97.57747085,   41.15925927,   -4.21393792,      2.36303324], [ -410.83897711,  -99.62307201,   71.34616414,  -29.44836695,      5.85233394,   12.84341447,   21.40547746,    8.44261601,      1.32550047,   41.15925927,   99.21687592,   51.59134449,      4.63091878], [ -461.2403647 , -122.2126017 ,   99.80157961,  -25.27312196,      3.69436341,    3.55578996,   10.43321727,    5.35815691,     -0.76812908,   -4.21393792,   51.59134449,  109.5190732 ,     47.33648789], [ -348.38451844,  -87.51255685,   61.49851048,  -11.62753705,      1.7837871 ,  -16.81394814,   -9.82320621,   -6.14767889,      1.0262743 ,    2.36303324,    4.63091878,   47.33648789,     93.84108302]]
music/Klassik/Lang Lang_La Campanella II etude for piano in G sharp minor (Grand Paganini Étude No 3) S 141 3 (LW A173 3).mp3; [-885.823    , 170.05605  , -21.740866 , -15.989969 ,   2.9101257,   -1.4581268, -10.078425 ,  -2.1193886,  -1.7963085,  -8.748198 ,    1.9682078,   8.041601 ,  -1.9378448]; [[11222.56666314, 3874.46093   ,-2276.11147317,  940.52559872,   -228.58723274,   55.18699673, -363.55376967, -238.30236679,   -101.53263763, -212.29624948, -281.82013668, -473.33938585,   -218.03109381], [ 3874.46093   , 2172.33163531, -509.77854943,  -59.00574903,   -142.38843562, -109.35461295, -171.83836924, -182.45334665,   -148.72826988,  -75.80569236, -101.23070015, -229.06645155,    -53.74228641], [-2276.11147317, -509.77854943, 1036.0233127 , -158.99967106,   -176.63487255,  -85.22176458,   13.62317899,  -40.00112171,    -94.84874885,   76.84141334,   55.59401748,   19.12523836,     54.89972574], [  940.52559872,  -59.00574903, -158.99967106,  537.01009491,     47.65950348,    9.1086396 ,  -58.84102304,  -10.75241841,     28.48330104,  -51.15101098,  -36.51687201,  -33.39483758,    -45.37386059], [ -228.58723274, -142.38843562, -176.63487255,   47.65950348,    346.13338496,  134.52657092,   10.55068083,   18.13563292,     22.77241373,  -86.88582546,  -64.27364444,   42.08624754,    -16.76726828], [   55.18699673, -109.35461295,  -85.22176458,    9.1086396 ,    134.52657092,  284.2797198 ,  128.92031094,  -10.69989108,    -17.84482852,  -27.63305038,  -53.82520168,  -18.54863125,     -0.36269927], [ -363.55376967, -171.83836924,   13.62317899,  -58.84102304,     10.55068083,  128.92031094,  205.68648379,   81.12596701,    -13.27388867,   -5.16258424,    5.62766775,    5.45052357,     11.88880023], [ -238.30236679, -182.45334665,  -40.00112171,  -10.75241841,     18.13563292,  -10.69989108,   81.12596701,  220.85648678,    104.51886673,  -83.94738523,  -24.00852113,   73.35239278,      3.02299801], [ -101.53263763, -148.72826988,  -94.84874885,   28.48330104,     22.77241373,  -17.84482852,  -13.27388867,  104.51886673,    222.90662597,   62.77987343,  -73.27258165,  -38.12305953,    -12.8311693 ], [ -212.29624948,  -75.80569236,   76.84141334,  -51.15101098,    -86.88582546,  -27.63305038,   -5.16258424,  -83.94738523,     62.77987343,  324.89962519,   94.32308777, -181.55545335,    -40.66776475], [ -281.82013668, -101.23070015,   55.59401748,  -36.51687201,    -64.27364444,  -53.82520168,    5.62766775,  -24.00852113,    -73.27258165,   94.32308777,  268.55812853,  113.97792658,    -49.12784784], [ -473.33938585, -229.06645155,   19.12523836,  -33.39483758,     42.08624754,  -18.54863125,    5.45052357,   73.35239278,    -38.12305953, -181.55545335,  113.97792658,  391.71579057,     89.83459234], [ -218.03109381,  -53.74228641,   54.89972574,  -45.37386059,    -16.76726828,   -0.36269927,   11.88880023,    3.02299801,    -12.8311693 ,  -40.66776475,  -49.12784784,   89.83459234,    190.87818615]]
music/Klassik/Mozart_ Requiem In D Minor K626 - 3 Sequentia_ Lacrimosa.mp3; [-791.444     , 175.89502   , -22.620413  ,   0.8144956 ,  -8.102654  ,  -19.284601  , -11.431601  ,   0.5820009 ,  -6.739667  ,  -0.65975016,   -0.14199121,   2.1001163 ,   1.4047246 ]; [[18993.51966734, 1631.89977619,-3538.34849513, 1037.09780319,   -425.90137383,  313.51588547,   92.96229508,  484.64268801,   -377.00212912,  125.17899953,   86.36804773,   54.7550305 ,   -453.73794197], [ 1631.89977619, 1130.08275788, -144.74477407,   -3.34429936,    -11.01604513,  -82.04284545,  -25.68828002,  -25.51675787,    -84.92293339,  -24.37238239,    1.96375131,  -15.71211526,    -61.70702811], [-3538.34849513, -144.74477407,  962.27765071, -143.43944596,    124.66406292,    4.53674999,   12.9436178 ,  -88.89183991,     88.55286032,  -18.80920052,  -15.81547087,   -0.54913502,     95.8750111 ], [ 1037.09780319,   -3.34429936, -143.43944596,  258.52065311,     89.28065596,  106.35192657,   56.07294323,   43.2406245 ,     16.26556001,   36.37360297,    6.45282936,    7.74976057,     -9.36843517], [ -425.90137383,  -11.01604513,  124.66406292,   89.28065596,    168.22596754,   79.8808172 ,   29.82924569,   -7.07192632,     33.54838517,   26.91977426,    8.48043592,   -0.27480505,     17.11523293], [  313.51588547,  -82.04284545,    4.53674999,  106.35192657,     79.8808172 ,  177.55294137,   91.4353014 ,   35.83992682,     36.22821864,   28.4527912 ,    8.11994454,    5.71526892,      3.66802495], [   92.96229508,  -25.68828002,   12.9436178 ,   56.07294323,     29.82924569,   91.4353014 ,  123.67501895,   64.21171879,     26.37888018,    8.44926978,   -6.22060061,    2.20313459,      7.90751342], [  484.64268801,  -25.51675787,  -88.89183991,   43.2406245 ,     -7.07192632,   35.83992682,   64.21171879,  122.18696304,     29.42425008,   -1.70714573,   -4.8718591 ,    5.21250606,     -6.27405796], [ -377.00212912,  -84.92293339,   88.55286032,   16.26556001,     33.54838517,   36.22821864,   26.37888018,   29.42425008,     89.98514483,   40.17527572,    1.44338921,   -6.10398598,     11.92124935], [  125.17899953,  -24.37238239,  -18.80920052,   36.37360297,     26.91977426,   28.4527912 ,    8.44926978,   -1.70714573,     40.17527572,   82.60850397,   36.47531098,   -2.76644063,     -4.91009365], [   86.36804773,    1.96375131,  -15.81547087,    6.45282936,      8.48043592,    8.11994454,   -6.22060061,   -4.8718591 ,      1.44338921,   36.47531098,   66.54796183,   31.17034006,     -2.75140555], [   54.7550305 ,  -15.71211526,   -0.54913502,    7.74976057,     -0.27480505,    5.71526892,    2.20313459,    5.21250606,     -6.10398598,   -2.76644063,   31.17034006,   72.96346972,     36.13705926], [ -453.73794197,  -61.70702811,   95.8750111 ,   -9.36843517,     17.11523293,    3.66802495,    7.90751342,   -6.27405796,     11.92124935,   -4.91009365,   -2.75140555,   36.13705926,     89.77066738]]
music/Klassik/Rachmaninov - Prélude in C sharp minor Op3 No2.mp3; [-870.12683   , 219.77565   ,  16.556816  , -19.664284  ,  -8.078098  ,   -6.524477  ,  -7.268111  ,  -6.469703  ,  -6.9727435 ,  -4.4610944 ,   -0.09271982,   0.28054702,  -2.4413173 ]; [[ 9383.61299054, 3008.2063245 ,-4145.79759056, -233.60994542,    169.09170035, -619.07426008, -385.33760384,  -49.0007428 ,   -193.4334697 , -115.93223624,    2.32330779,  -83.28979748,   -170.01733863], [ 3008.2063245 , 1445.93813213,-1173.2813992 , -331.46504779,     96.68410259, -193.29370583, -177.91758323,  -90.86603047,   -107.26269541,  -84.86417708,  -18.6931082 ,  -30.4237327 ,    -68.93975104], [-4145.79759056,-1173.2813992 , 2064.14763468,   65.37770678,   -138.69397681,  315.50313469,  157.74218891,  -20.77414473,     51.85237661,   30.03476979,  -18.34957483,   30.52993074,     59.38024015], [ -233.60994542, -331.46504779,   65.37770678,  313.39425574,     61.53854273,    5.88959854,   60.16848977,   35.33441893,      5.80890067,    9.76525991,    1.24610392,   -9.70462193,      7.94246693], [  169.09170035,   96.68410259, -138.69397681,   61.53854273,    212.56638943,   24.78151621,  -11.74465964,    3.90563933,    -15.19718866,  -18.36300905,   -4.60547532,   -8.37509989,     -8.20573854], [ -619.07426008, -193.29370583,  315.50313469,    5.88959854,     24.78151621,  148.24825023,   52.68125502,   -3.08880835,      8.06724926,    3.78398897,   -3.99543344,   -3.36603713,     -6.72616578], [ -385.33760384, -177.91758323,  157.74218891,   60.16848977,    -11.74465964,   52.68125502,   94.99548656,   37.77749246,      7.086329  ,    7.66682739,   -0.89533332,   -7.08169008,     -5.09770483], [  -49.0007428 ,  -90.86603047,  -20.77414473,   35.33441893,      3.90563933,   -3.08880835,   37.77749246,   72.28402537,     34.33071242,    5.30009844,    2.12885022,   -0.61890061,     -3.45936328], [ -193.4334697 , -107.26269541,   51.85237661,    5.80890067,    -15.19718866,    8.06724926,    7.086329  ,   34.33071242,     66.92629763,   35.02729775,   -0.26038519,    5.19795207,     11.15304937], [ -115.93223624,  -84.86417708,   30.03476979,    9.76525991,    -18.36300905,    3.78398897,    7.66682739,    5.30009844,     35.02729775,   64.13031603,   23.81526189,    1.81719333,     11.76964808], [    2.32330779,  -18.6931082 ,  -18.34957483,    1.24610392,     -4.60547532,   -3.99543344,   -0.89533332,    2.12885022,     -0.26038519,   23.81526189,   48.27407352,   19.18319542,     -1.09684497], [  -83.28979748,  -30.4237327 ,   30.52993074,   -9.70462193,     -8.37509989,   -3.36603713,   -7.08169008,   -0.61890061,      5.19795207,    1.81719333,   19.18319542,   51.81517478,     31.51569106], [ -170.01733863,  -68.93975104,   59.38024015,    7.94246693,     -8.20573854,   -6.72616578,   -5.09770483,   -3.45936328,     11.15304937,   11.76964808,   -1.09684497,   31.51569106,     68.86112941]]
